tipogerador;nomeinstancia;numerociclo;tempoexecucao;valor;restarts;melhorrestart
FAURE;apache_zip;0;421;5.733218145877992;152;58
FAURE;apache_zip;1;406;5.747194472194471;140;110
FAURE;apache_zip;2;407;5.733218145877992;149;99
FAURE;apache_zip;3;405;5.74886490321273;158;48
FAURE;apache_zip;4;437;5.733218145877992;158;53
FAURE;apache_zip;5;438;5.714068178198613;158;94
FAURE;apache_zip;6;452;5.733218145877992;162;44
FAURE;apache_zip;7;437;5.71573860921687;165;99
FAURE;apache_zip;8;424;5.7140681781986125;166;58
FAURE;apache_zip;9;453;5.71573860921687;161;81
FAURE;apache_zip;10;421;5.747194472194471;152;107
FAURE;apache_zip;11;424;5.733218145877992;169;43
FAURE;apache_zip;12;436;5.733218145877992;143;103
FAURE;apache_zip;13;406;5.71573860921687;163;161
FAURE;apache_zip;14;422;5.747194472194472;167;134
FAURE;apache_zip;15;406;5.733218145877992;162;57
FAURE;apache_zip;16;390;5.715738609216871;156;63
FAURE;apache_zip;17;422;5.714068178198613;156;55
FAURE;apache_zip;18;421;5.733218145877993;174;166
FAURE;apache_zip;19;390;5.733218145877992;166;59
FAURE;apache_zip;20;392;5.747194472194472;161;48
FAURE;apache_zip;21;421;5.7140681781986125;139;58
FAURE;apache_zip;22;437;5.71573860921687;155;81
FAURE;apache_zip;23;440;5.733218145877993;145;52
FAURE;apache_zip;24;406;5.714068178198613;162;63
FAURE;apache_zip;25;390;5.747194472194471;157;68
FAURE;apache_zip;26;422;5.747194472194472;138;88
FAURE;apache_zip;27;421;5.715738609216871;159;143
FAURE;apache_zip;28;421;5.74886490321273;158;88
FAURE;apache_zip;29;455;5.733218145877992;163;94
FAURE;apache_zip;30;405;5.715738609216871;145;47
FAURE;apache_zip;31;421;5.733218145877992;150;44
FAURE;apache_zip;32;407;5.7140681781986125;155;87
FAURE;apache_zip;33;390;5.733218145877992;188;99
FAURE;apache_zip;34;421;5.747194472194471;165;107
FAURE;apache_zip;35;392;5.733218145877993;172;99
FAURE;apache_zip;36;406;5.715738609216871;157;67
FAURE;apache_zip;37;390;5.747194472194471;179;177
FAURE;apache_zip;38;406;5.645880581406897;152;48
FAURE;apache_zip;39;453;5.714068178198613;154;47
FAURE;apache_zip;40;437;5.714068178198613;152;109
FAURE;apache_zip;41;406;5.714068178198613;148;137
FAURE;apache_zip;42;390;5.733218145877993;160;99
FAURE;apache_zip;43;421;5.71573860921687;152;38
FAURE;apache_zip;44;407;5.748864903212729;168;67
FAURE;apache_zip;45;406;5.715738609216871;158;46
FAURE;apache_zip;46;405;5.766344439873851;157;78
FAURE;apache_zip;47;439;5.71573860921687;144;108
FAURE;apache_zip;48;406;5.645880581406897;167;48
FAURE;apache_zip;49;421;5.733218145877992;160;99
FAURE;apache_zip;50;408;5.714068178198613;155;38
FAURE;apache_zip;51;422;5.715738609216869;171;40
FAURE;apache_zip;52;405;5.747194472194471;146;48
FAURE;apache_zip;53;407;5.645880581406897;134;48
FAURE;apache_zip;54;406;5.747194472194472;150;66
FAURE;apache_zip;55;437;5.733218145877991;171;40
FAURE;apache_zip;56;438;5.714068178198613;164;47
FAURE;apache_zip;57;421;5.747194472194471;156;46
FAURE;apache_zip;58;390;5.733218145877993;148;66
FAURE;apache_zip;59;407;5.714068178198613;145;44
FAURE;apache_zip;60;406;5.714068178198613;167;46
FAURE;apache_zip;61;406;5.747194472194472;172;156
FAURE;apache_zip;62;422;5.715738609216871;145;132
FAURE;apache_zip;63;405;5.714068178198613;169;45
FAURE;apache_zip;64;437;5.733218145877993;158;48
FAURE;apache_zip;65;422;5.747194472194472;154;46
FAURE;apache_zip;66;437;5.747194472194473;153;96
FAURE;apache_zip;67;406;5.733218145877992;154;99
FAURE;apache_zip;68;407;5.733218145877993;171;57
FAURE;apache_zip;69;422;5.747194472194471;135;59
FAURE;apache_zip;70;436;5.71573860921687;158;89
FAURE;apache_zip;71;455;5.747194472194472;192;66
FAURE;apache_zip;72;405;5.7471944721944705;160;110
FAURE;apache_zip;73;422;5.71573860921687;147;100
FAURE;apache_zip;74;375;5.71573860921687;170;40
FAURE;apache_zip;75;437;5.733218145877993;156;64
FAURE;apache_zip;76;405;5.714068178198613;136;46
FAURE;apache_zip;77;423;5.733218145877993;160;131
FAURE;apache_zip;78;452;5.714068178198613;160;56
FAURE;apache_zip;79;437;5.71573860921687;161;159
FAURE;apache_zip;80;406;5.747194472194472;162;49
FAURE;apache_zip;81;437;5.747194472194471;166;156
FAURE;apache_zip;82;406;5.715738609216871;135;52
FAURE;apache_zip;83;406;5.715738609216871;164;100
FAURE;apache_zip;84;406;5.733218145877993;184;99
FAURE;apache_zip;85;437;5.714068178198613;150;47
FAURE;apache_zip;86;440;5.733218145877992;150;122
FAURE;apache_zip;87;390;5.714068178198613;156;66
FAURE;apache_zip;88;405;5.733218145877993;146;68
FAURE;apache_zip;89;408;5.715738609216871;165;66
FAURE;apache_zip;90;421;5.747194472194471;162;67
FAURE;apache_zip;91;452;5.715738609216871;165;157
FAURE;apache_zip;92;425;5.733218145877992;152;128
FAURE;apache_zip;93;405;5.733218145877993;164;44
FAURE;apache_zip;94;406;5.733218145877993;166;58
FAURE;apache_zip;95;438;5.733218145877991;159;146
FAURE;apache_zip;96;405;5.715738609216871;164;66
FAURE;apache_zip;97;390;5.71573860921687;164;38
FAURE;apache_zip;98;440;5.715738609216871;153;95
FAURE;apache_zip;99;406;5.714068178198613;177;137
