tipogerador;nomeinstancia;numerociclo;tempoexecucao;valor;restarts;melhorrestart
FAURE;dom4j;0;42654;18.313795306985305;212;205
FAURE;dom4j;1;42902;17.84963826849855;211;207
FAURE;dom4j;2;24259;3.988980333043557;33;0
FAURE;dom4j;3;40391;17.884962106905615;209;198
FAURE;dom4j;4;41716;18.33065734429334;213;202
FAURE;dom4j;5;41312;17.895345281972975;212;204
FAURE;dom4j;6;39798;17.870280637759386;211;205
FAURE;dom4j;7;28237;10.634271240147214;8;2
FAURE;dom4j;8;38005;17.883668384399556;208;204
FAURE;dom4j;9;24058;2.186210494931425;113;0
FAURE;dom4j;10;23683;1.9028391903222412;98;0
FAURE;dom4j;11;39001;17.90055316330828;208;205
FAURE;dom4j;12;32279;17.961521278645733;204;198
FAURE;dom4j;13;23434;1.5903188989593824;172;0
FAURE;dom4j;14;39423;17.958783296212413;209;199
FAURE;dom4j;15;25462;3.886769666141863;61;0
FAURE;dom4j;16;25117;17.75259861031365;198;197
FAURE;dom4j;17;31856;17.87190442951298;203;202
FAURE;dom4j;18;24088;2.0310568351465026;172;0
FAURE;dom4j;19;23307;1.4945891573743766;118;0
FAURE;dom4j;20;24152;2.1869908863055634;63;0
FAURE;dom4j;21;24807;5.099353121073861;25;0
FAURE;dom4j;22;41310;17.89569332985951;210;198
FAURE;dom4j;23;39908;17.812696131401804;212;201
FAURE;dom4j;24;33322;17.9189413402081;204;199
FAURE;dom4j;25;24119;2.3262866904922173;59;0
FAURE;dom4j;26;27566;17.916294025838432;199;197
FAURE;dom4j;27;42420;17.896698452326063;212;199
FAURE;dom4j;28;23089;1.6630173150089291;141;0
FAURE;dom4j;29;40514;17.868741356109826;210;206
FAURE;dom4j;30;23807;1.6942980242072763;122;0
FAURE;dom4j;31;29253;17.907616077130665;201;198
FAURE;dom4j;32;43197;17.870114382719482;212;203
FAURE;dom4j;33;29721;13.18571919567456;7;0
FAURE;dom4j;34;35273;17.859264621914058;206;204
FAURE;dom4j;35;23261;1.6564123882768653;176;0
FAURE;dom4j;36;28317;10.64551782509291;8;0
FAURE;dom4j;37;24789;2.1678526276955816;36;0
FAURE;dom4j;38;40626;17.861667729725884;208;201
FAURE;dom4j;39;25553;3.462792412266096;49;0
FAURE;dom4j;40;34399;17.842559809999837;207;198
FAURE;dom4j;41;23450;1.7066893745860536;106;0
FAURE;dom4j;42;43886;17.82621151432618;212;200
FAURE;dom4j;43;35742;17.920378480285823;207;200
FAURE;dom4j;44;25351;3.206223334731805;59;26
FAURE;dom4j;45;24885;4.322714634131439;26;0
FAURE;dom4j;46;24869;4.410889704430336;53;0
FAURE;dom4j;47;23512;1.4738474092207263;57;0
FAURE;dom4j;48;24134;2.5761777905776753;61;0
FAURE;dom4j;49;30766;13.036688659063616;5;0
FAURE;dom4j;50;23604;3.2211533123676506;53;0
FAURE;dom4j;51;40048;17.80671295961337;211;197
FAURE;dom4j;52;40140;17.875807364451763;210;200
FAURE;dom4j;53;22919;1.4101522187822497;157;0
FAURE;dom4j;54;23419;1.4191526328340582;147;0
FAURE;dom4j;55;23650;1.437380107286031;145;0
FAURE;dom4j;56;25322;3.63467929073716;36;0
FAURE;dom4j;57;24011;2.950750974662235;39;0
FAURE;dom4j;58;23572;3.79415196796092;42;0
FAURE;dom4j;59;35367;17.724609821727437;205;201
FAURE;dom4j;60;29625;14.052203806112145;4;0
FAURE;dom4j;61;25946;6.017155144462066;21;0
FAURE;dom4j;62;23605;1.9674638925631471;84;0
FAURE;dom4j;63;23247;2.1916145359081396;106;0
FAURE;dom4j;64;34695;17.894700722660232;206;205
FAURE;dom4j;65;24649;2.083274647887324;148;0
FAURE;dom4j;66;30829;12.374830965666346;5;0
FAURE;dom4j;67;24649;2.949799479902319;60;0
FAURE;dom4j;68;23651;1.3469101123595506;164;0
FAURE;dom4j;69;23822;2.190217838447003;61;0
FAURE;dom4j;70;31545;12.545373443634322;8;0
FAURE;dom4j;71;40904;17.97195464405621;209;203
FAURE;dom4j;72;23200;2.5509889624936033;82;0
FAURE;dom4j;73;38501;17.799153949941935;208;205
FAURE;dom4j;74;23308;1.6942980242072763;111;0
FAURE;dom4j;75;24183;2.839033017356551;90;0
FAURE;dom4j;76;35522;17.93966014558782;206;201
FAURE;dom4j;77;23293;2.238598120255808;116;0
FAURE;dom4j;78;23637;3.0488433711533274;36;0
FAURE;dom4j;79;39656;18.226896281402624;210;197
FAURE;dom4j;80;36427;17.950298363938355;209;199
FAURE;dom4j;81;44555;17.875823211009077;212;207
FAURE;dom4j;82;30031;17.917826819802933;202;198
FAURE;dom4j;83;23167;3.35514233833052;197;197
FAURE;dom4j;84;25476;4.612525899402522;16;2
FAURE;dom4j;85;23777;4.179251642676654;53;0
FAURE;dom4j;86;23339;1.6403337845275106;146;0
FAURE;dom4j;87;28175;9.270312669159841;8;0
FAURE;dom4j;88;28253;17.656075295876732;200;197
FAURE;dom4j;89;23370;1.4504181600955794;143;0
FAURE;dom4j;90;22670;1.4191526328340582;166;0
FAURE;dom4j;91;26084;6.900415930274992;16;0
FAURE;dom4j;92;23637;1.4191526328340582;176;0
FAURE;dom4j;93;24089;4.338536710595535;41;0
FAURE;dom4j;94;25492;3.1606210123059664;37;0
FAURE;dom4j;95;38502;17.742552996433574;210;209
FAURE;dom4j;96;43587;17.950903741013867;211;197
FAURE;dom4j;97;23635;3.6693778285676286;47;0
FAURE;dom4j;98;35788;17.913900074068994;207;198
FAURE;dom4j;99;23962;2.10565725787128;124;0
