tipogerador;nomeinstancia;numerociclo;tempoexecucao;valor;restarts;melhorrestart
FAURE;forms;0;2453;8.268674941764466;117;85
FAURE;forms;1;2153;8.27515732810166;100;97
FAURE;forms;2;2515;8.246183620449616;119;98
FAURE;forms;3;1888;8.174045280018591;80;72
FAURE;forms;4;2029;8.246183620449614;88;72
FAURE;forms;5;2467;8.184701733008648;123;82
FAURE;forms;6;2216;8.307563324917709;105;89
FAURE;forms;7;2061;8.172389707395276;88;87
FAURE;forms;8;2514;8.28387695865446;113;71
FAURE;forms;9;2248;8.269420474306337;107;73
FAURE;forms;10;2529;8.203018987670637;125;99
FAURE;forms;11;2013;8.157912445767758;88;82
FAURE;forms;12;2451;8.246183620449614;122;106
FAURE;forms;13;2653;8.122869527666369;119;71
FAURE;forms;14;2341;8.290986235113584;102;84
FAURE;forms;15;2530;8.275157328101661;125;84
FAURE;forms;16;2637;8.27515732810166;126;114
FAURE;forms;17;2560;8.203018987670637;128;105
FAURE;forms;18;2156;8.201171022764203;97;82
FAURE;forms;19;2357;8.170829092019794;110;81
FAURE;forms;20;2356;8.242293175382699;111;85
FAURE;forms;21;2310;8.290986235113582;113;75
FAURE;forms;22;1998;8.165737567330748;80;74
FAURE;forms;23;2670;8.184701733008648;118;107
FAURE;forms;24;1951;8.19429809909494;78;71
FAURE;forms;25;2358;8.203018987670637;105;73
FAURE;forms;26;2327;8.289399752344085;114;94
FAURE;forms;27;1797;2.6980907093623174;52;0
FAURE;forms;28;2684;8.239342786464567;122;104
FAURE;forms;29;2359;8.290986235113582;116;103
FAURE;forms;30;2575;8.27515732810166;121;88
FAURE;forms;31;2482;8.27515732810166;125;95
FAURE;forms;32;2265;8.27515732810166;97;87
FAURE;forms;33;1702;3.40663082437276;67;52
FAURE;forms;34;2124;8.246183620449614;100;88
FAURE;forms;35;2263;8.273319307020035;107;71
FAURE;forms;36;2374;8.246183620449614;112;73
FAURE;forms;37;2591;8.203018987670639;122;105
FAURE;forms;38;2452;8.242293175382699;115;112
FAURE;forms;39;2405;8.30756332491771;112;82
FAURE;forms;40;2372;8.206885736899968;116;88
FAURE;forms;41;2655;8.230442879708873;118;104
FAURE;forms;42;1920;3.934431184431185;55;0
FAURE;forms;43;1750;6.486440420709531;71;71
FAURE;forms;44;2419;8.237166138759317;115;71
FAURE;forms;45;2374;8.174393372248684;123;76
FAURE;forms;46;2577;8.173067594258297;124;74
FAURE;forms;47;2591;8.242293175382699;122;88
FAURE;forms;48;1764;6.23151482641473;71;71
FAURE;forms;49;2358;8.209500115984936;121;78
FAURE;forms;50;2279;8.230451267355658;113;80
FAURE;forms;51;2294;8.203018987670637;116;71
FAURE;forms;52;2593;8.1843972591941;129;71
FAURE;forms;53;2452;8.232289288437283;129;118
FAURE;forms;54;2341;8.287561731262459;109;107
FAURE;forms;55;2562;8.167916332713174;117;106
FAURE;forms;56;2372;8.129351914003564;111;77
FAURE;forms;57;1718;4.041333730868614;48;0
FAURE;forms;58;1922;8.24520593468932;86;79
FAURE;forms;59;2296;8.201961066466824;109;88
FAURE;forms;60;2061;8.118265421563674;98;77
FAURE;forms;61;2327;8.211738618223439;109;82
FAURE;forms;62;2421;8.283876958654462;116;80
FAURE;forms;63;2545;8.256535599625122;127;95
FAURE;forms;64;2530;8.232289288437283;112;73
FAURE;forms;65;1781;4.742107522107522;39;0
FAURE;forms;66;2435;8.246183620449616;126;104
FAURE;forms;67;2327;8.2445280478263;111;94
FAURE;forms;68;1701;8.242293175382699;74;71
FAURE;forms;69;2250;8.2445280478263;109;77
FAURE;forms;70;2294;8.246183620449614;107;71
FAURE;forms;71;2356;8.246183620449616;109;78
FAURE;forms;72;2185;8.196536601333442;98;93
FAURE;forms;73;2014;8.281262579569493;86;83
FAURE;forms;74;1766;3.401091364184647;70;0
FAURE;forms;75;2434;8.1958300614555;111;85
FAURE;forms;76;2530;8.275157328101661;116;104
FAURE;forms;77;2421;8.250883404096765;119;71
FAURE;forms;78;2513;8.196167489500064;121;85
FAURE;forms;79;2203;8.230451267355658;102;88
FAURE;forms;80;2062;8.244528047826298;90;71
FAURE;forms;81;1826;8.173067594258297;80;77
FAURE;forms;82;2592;8.246183620449614;125;109
FAURE;forms;83;2530;8.2445280478263;121;110
FAURE;forms;84;1999;8.232289288437283;86;85
FAURE;forms;85;2075;8.228787307085558;90;85
FAURE;forms;86;2357;8.24520593468932;119;77
FAURE;forms;87;2327;8.172389707395277;107;88
FAURE;forms;88;2389;8.284112410955288;110;82
FAURE;forms;89;2092;8.246183620449614;86;86
FAURE;forms;90;2403;8.174045280018591;113;104
FAURE;forms;91;2123;8.100378206351518;93;88
FAURE;forms;92;2467;8.30756332491771;120;99
FAURE;forms;93;2389;8.167916332713173;102;92
FAURE;forms;94;2372;8.170829092019794;108;101
FAURE;forms;95;2592;8.232289288437283;121;73
FAURE;forms;96;1937;8.250883404096767;85;71
FAURE;forms;97;2591;8.259209908826605;125;120
FAURE;forms;98;1999;8.240841102962884;85;72
FAURE;forms;99;2154;8.2445280478263;99;90
