tipogerador;nomeinstancia;numerociclo;tempoexecucao;valor;restarts;melhorrestart
FAURE;gae_core;0;8488;1.6551184337974152;131;0
FAURE;gae_core;1;12637;17.318392296981536;171;156
FAURE;gae_core;2;11826;17.336978155567394;167;150
FAURE;gae_core;3;9175;2.056434108527132;144;74
FAURE;gae_core;4;13263;17.280177808157525;177;167
FAURE;gae_core;5;9582;3.4933202997719124;113;0
FAURE;gae_core;6;11248;17.313904370552812;164;151
FAURE;gae_core;7;11438;17.313904370552812;166;154
FAURE;gae_core;8;13027;17.313904370552816;175;155
FAURE;gae_core;9;9268;9.970190213840487;21;8
FAURE;gae_core;10;8487;1.653565129755606;125;0
FAURE;gae_core;11;11483;17.313904370552812;166;149
FAURE;gae_core;12;12340;17.336978155567397;169;149
FAURE;gae_core;13;9720;17.313904370552812;156;149
FAURE;gae_core;14;11812;17.313904370552812;169;166
FAURE;gae_core;15;13310;17.313904370552812;179;176
FAURE;gae_core;16;13401;17.336978155567397;177;173
FAURE;gae_core;17;8409;2.655927564869704;105;0
FAURE;gae_core;18;11920;17.336978155567394;167;157
FAURE;gae_core;19;9829;17.336978155567394;158;156
FAURE;gae_core;20;12731;17.313904370552816;173;164
FAURE;gae_core;21;9721;17.318392296981536;159;149
FAURE;gae_core;22;10875;17.313904370552812;164;149
FAURE;gae_core;23;12902;17.336978155567394;173;149
FAURE;gae_core;24;13029;17.313904370552812;176;149
FAURE;gae_core;25;10609;17.313904370552812;164;150
FAURE;gae_core;26;13185;17.313904370552812;173;149
FAURE;gae_core;27;8612;2.0240887192073447;115;0
FAURE;gae_core;28;12855;17.336978155567394;172;159
FAURE;gae_core;29;13403;17.313904370552812;177;149
FAURE;gae_core;30;11810;17.292926411515655;167;160
FAURE;gae_core;31;9706;5.043516846733354;50;0
FAURE;gae_core;32;9098;17.336978155567394;153;149
FAURE;gae_core;33;8222;1.6624938635247914;113;0
FAURE;gae_core;34;11249;17.313904370552812;163;155
FAURE;gae_core;35;10406;17.336978155567394;158;152
FAURE;gae_core;36;9488;17.313904370552812;153;149
FAURE;gae_core;37;13214;17.313904370552812;176;149
FAURE;gae_core;38;11764;17.336978155567394;169;155
FAURE;gae_core;39;12886;17.336978155567394;176;150
FAURE;gae_core;40;13901;17.313904370552816;177;161
FAURE;gae_core;41;13669;17.313904370552816;176;159
FAURE;gae_core;42;11983;17.336978155567397;170;160
FAURE;gae_core;43;13293;17.336978155567397;175;153
FAURE;gae_core;44;9720;17.336978155567394;155;152
FAURE;gae_core;45;12827;17.313904370552816;172;162
FAURE;gae_core;46;10016;17.22647150266882;155;149
FAURE;gae_core;47;11592;17.313904370552812;168;149
FAURE;gae_core;48;9111;2.0784275109129835;108;2
FAURE;gae_core;49;13573;17.336978155567394;176;150
FAURE;gae_core;50;10767;17.313904370552812;158;149
FAURE;gae_core;51;12528;17.336978155567397;169;160
FAURE;gae_core;52;9345;4.05277612228665;56;0
FAURE;gae_core;53;13199;17.336978155567394;176;149
FAURE;gae_core;54;11359;17.313904370552812;163;149
FAURE;gae_core;55;9144;2.704692428905504;127;66
FAURE;gae_core;56;13824;17.313904370552816;175;152
FAURE;gae_core;57;12202;17.313904370552812;168;149
FAURE;gae_core;58;11453;17.313904370552812;163;160
FAURE;gae_core;59;11951;17.318392296981536;166;153
FAURE;gae_core;60;12481;17.313904370552812;173;149
FAURE;gae_core;61;9050;17.313904370552812;152;149
FAURE;gae_core;62;13138;17.31390437055282;175;157
FAURE;gae_core;63;9549;17.336978155567394;155;152
FAURE;gae_core;64;12623;17.336978155567394;176;156
FAURE;gae_core;65;13448;17.326042559161593;176;171
FAURE;gae_core;66;12965;17.336978155567394;176;155
FAURE;gae_core;67;10720;17.313904370552812;164;150
FAURE;gae_core;68;13417;17.336978155567397;176;159
FAURE;gae_core;69;11826;17.336978155567397;169;161
FAURE;gae_core;70;12746;17.295318511966954;178;153
FAURE;gae_core;71;11311;17.336978155567397;166;159
FAURE;gae_core;72;11983;17.313904370552812;168;155
FAURE;gae_core;73;12093;17.313904370552812;170;151
FAURE;gae_core;74;12122;17.313904370552812;168;150
FAURE;gae_core;75;13464;17.336978155567394;177;149
FAURE;gae_core;76;11982;17.336978155567394;168;159
FAURE;gae_core;77;13401;17.313904370552812;176;149
FAURE;gae_core;78;8880;17.313904370552812;153;149
FAURE;gae_core;79;11607;11.264445293073724;16;0
FAURE;gae_core;80;8254;7.065588005482188;149;149
FAURE;gae_core;81;9129;2.8943413898316703;60;2
FAURE;gae_core;82;10845;17.336978155567394;160;149
FAURE;gae_core;83;10000;17.313904370552812;158;150
FAURE;gae_core;84;12918;17.313904370552812;171;149
FAURE;gae_core;85;8488;1.6032964782964783;94;0
FAURE;gae_core;86;12545;17.313904370552816;171;149
FAURE;gae_core;87;13652;17.336978155567397;179;159
FAURE;gae_core;88;8911;17.276962424507353;151;149
FAURE;gae_core;89;13323;17.336978155567397;177;159
FAURE;gae_core;90;13168;17.336978155567394;176;150
FAURE;gae_core;91;13263;17.313904370552812;177;149
FAURE;gae_core;92;8708;2.841849238882227;66;0
FAURE;gae_core;93;10001;17.313904370552812;159;149
FAURE;gae_core;94;10221;17.336978155567394;158;155
FAURE;gae_core;95;10783;17.336978155567394;162;149
FAURE;gae_core;96;13621;17.3369781555674;180;149
FAURE;gae_core;97;10033;17.313904370552812;155;149
FAURE;gae_core;98;9798;17.313904370552812;158;155
FAURE;gae_core;99;10266;17.313904370552812;159;150
