tipogerador;nomeinstancia;numerociclo;tempoexecucao;valor;restarts;melhorrestart
FAURE;javacc;0;13012;1.6843715846994536;77;0
FAURE;javacc;1;12699;1.9661866292003278;53;0
FAURE;javacc;2;13497;2.1838823360496047;66;0
FAURE;javacc;3;19985;10.429552887194992;172;157
FAURE;javacc;4;20593;10.414398321128482;174;166
FAURE;javacc;5;12839;7.65919144598335;157;157
FAURE;javacc;6;15149;10.462003790693583;162;158
FAURE;javacc;7;13512;1.957782010157712;50;0
FAURE;javacc;8;12622;4.876616763580687;157;157
FAURE;javacc;9;14339;4.889072918513682;22;0
FAURE;javacc;10;12512;1.5573280159521437;128;0
FAURE;javacc;11;14433;5.353783476001752;25;0
FAURE;javacc;12;13246;1.9661866292003278;50;0
FAURE;javacc;13;13245;1.6843715846994536;111;0
FAURE;javacc;14;12608;1.9661866292003278;45;0
FAURE;javacc;15;13684;1.975188869386158;99;0
FAURE;javacc;16;21327;10.361883067556999;175;162
FAURE;javacc;17;20798;10.435929532554912;174;161
FAURE;javacc;18;21810;10.473043726982244;177;162
FAURE;javacc;19;12450;1.9661866292003278;46;0
FAURE;javacc;20;20361;10.413612814517718;174;165
FAURE;javacc;21;12949;2.5132481121339416;89;2
FAURE;javacc;22;14103;4.491804863728721;26;2
FAURE;javacc;23;13355;5.703746028447083;21;0
FAURE;javacc;24;13230;1.9661866292003278;51;0
FAURE;javacc;25;13058;2.0527263527214883;72;0
FAURE;javacc;26;22249;10.402699434679338;178;161
FAURE;javacc;27;12623;1.559299273637307;134;0
FAURE;javacc;28;13760;2.474245831359538;35;0
FAURE;javacc;29;12481;1.9954475308641975;73;0
FAURE;javacc;30;14057;3.573559514093165;26;0
FAURE;javacc;31;12825;1.9661866292003278;42;0
FAURE;javacc;32;12668;1.957782010157712;45;0
FAURE;javacc;33;12778;1.957782010157712;43;0
FAURE;javacc;34;13496;1.677590612518296;101;0
FAURE;javacc;35;12668;1.9661866292003278;41;0
FAURE;javacc;36;12780;1.9661866292003278;55;0
FAURE;javacc;37;13871;3.3074074913547733;29;0
FAURE;javacc;38;13373;2.9572361435334242;30;0
FAURE;javacc;39;13073;1.677590612518296;88;0
FAURE;javacc;40;22341;10.53151626089333;177;165
FAURE;javacc;41;22527;10.457680583827472;177;160
FAURE;javacc;42;12980;1.957782010157712;49;0
FAURE;javacc;43;13232;1.6602463630144175;95;0
FAURE;javacc;44;12871;1.957782010157712;49;0
FAURE;javacc;45;12871;1.957782010157712;43;0
FAURE;javacc;46;21280;10.447661989978293;177;169
FAURE;javacc;47;14058;5.2083815016605834;16;0
FAURE;javacc;48;13014;1.9661866292003278;58;0
FAURE;javacc;49;13307;1.9661866292003278;52;0
FAURE;javacc;50;13232;1.957782010157712;46;0
FAURE;javacc;51;13339;1.957782010157712;50;0
FAURE;javacc;52;20313;10.38330205649982;174;163
FAURE;javacc;53;12855;1.9661866292003278;49;0
FAURE;javacc;54;12840;5.741443334864964;21;0
FAURE;javacc;55;13510;2.4947956278013934;46;0
FAURE;javacc;56;12827;2.9629629276057012;33;0
FAURE;javacc;57;12527;1.5939361402970575;143;0
FAURE;javacc;58;13589;1.957782010157712;46;0
FAURE;javacc;59;13277;1.534297153024911;130;0
FAURE;javacc;60;12795;2.1091882606973513;83;0
FAURE;javacc;61;19548;10.447724859035548;173;157
FAURE;javacc;62;13559;1.559299273637307;112;0
FAURE;javacc;63;15258;6.153063285492706;20;0
FAURE;javacc;64;21841;10.488831155135212;177;161
FAURE;javacc;65;13417;1.957782010157712;49;0
FAURE;javacc;66;12873;1.6843715846994536;116;0
FAURE;javacc;67;13604;1.9661866292003278;51;0
FAURE;javacc;68;12218;1.677590612518296;126;0
FAURE;javacc;69;14103;4.810701350230548;23;0
FAURE;javacc;70;12873;1.957782010157712;47;0
FAURE;javacc;71;13511;1.67133265050643;117;0
FAURE;javacc;72;13448;4.013958449729532;26;0
FAURE;javacc;73;13076;1.9661866292003278;58;0
FAURE;javacc;74;19953;10.511816155899284;172;163
FAURE;javacc;75;13698;2.8745160231843587;33;0
FAURE;javacc;76;12779;1.559299273637307;135;0
FAURE;javacc;77;12358;7.159747062916971;157;157
FAURE;javacc;78;20687;10.429967484351934;176;158
FAURE;javacc;79;12701;4.517847709512755;21;0
FAURE;javacc;80;12872;1.9661866292003278;53;0
FAURE;javacc;81;12405;1.5604801477377657;142;0
FAURE;javacc;82;12621;1.957782010157712;47;0
FAURE;javacc;83;13573;1.957782010157712;49;0
FAURE;javacc;84;12996;1.4733411812847117;142;0
FAURE;javacc;85;13183;1.957782010157712;43;0
FAURE;javacc;86;21264;10.431955877553778;178;160
FAURE;javacc;87;12902;1.6843715846994536;95;0
FAURE;javacc;88;12824;1.677590612518296;98;0
FAURE;javacc;89;12887;1.559299273637307;149;0
FAURE;javacc;90;13277;1.9661866292003278;51;0
FAURE;javacc;91;13107;3.1387146735759583;38;0
FAURE;javacc;92;12824;1.6843715846994536;103;0
FAURE;javacc;93;13245;1.9975010709695844;77;0
FAURE;javacc;94;13294;1.957782010157712;53;0
FAURE;javacc;95;19471;10.423173263857013;172;171
FAURE;javacc;96;12951;1.9661866292003278;51;0
FAURE;javacc;97;12544;1.5448878988258983;119;0
FAURE;javacc;98;13261;2.4571196737496854;37;0
FAURE;javacc;99;12904;2.5731121794810425;74;0
