tipogerador;nomeinstancia;numerociclo;tempoexecucao;valor;restarts;melhorrestart
FAURE;javaocr;0;1454;8.904077330739737;122;109
FAURE;javaocr;1;1578;8.984503211165615;147;144
FAURE;javaocr;2;1514;8.984503211165617;126;122
FAURE;javaocr;3;1547;8.904077330739737;129;106
FAURE;javaocr;4;1344;8.984503211165615;113;68
FAURE;javaocr;5;1484;8.96559675530264;117;109
FAURE;javaocr;6;1454;8.965596755302638;124;77
FAURE;javaocr;7;1484;8.965596755302638;118;63
FAURE;javaocr;8;1516;8.965596755302638;144;78
FAURE;javaocr;9;1405;8.984503211165617;134;82
FAURE;javaocr;10;1358;8.984503211165618;115;108
FAURE;javaocr;11;1501;9.005264114969998;134;89
FAURE;javaocr;12;1592;8.965703547660068;148;78
FAURE;javaocr;13;1467;9.024170570832977;129;103
FAURE;javaocr;14;1470;9.002738862444746;117;71
FAURE;javaocr;15;1514;8.88517087487676;127;102
FAURE;javaocr;16;1389;8.92603618799271;125;78
FAURE;javaocr;17;1483;8.92603618799271;128;78
FAURE;javaocr;18;1530;8.965596755302638;136;79
FAURE;javaocr;19;1514;8.96559675530264;126;102
FAURE;javaocr;20;1421;8.941845924972858;130;79
FAURE;javaocr;21;1577;8.93720576144881;124;107
FAURE;javaocr;22;1405;8.984503211165617;131;89
FAURE;javaocr;23;1467;8.965596755302638;121;79
FAURE;javaocr;24;1561;8.965596755302641;133;103
FAURE;javaocr;25;1499;8.904077330739737;124;102
FAURE;javaocr;26;1498;8.965596755302638;131;79
FAURE;javaocr;27;1515;8.963071502777387;111;108
FAURE;javaocr;28;1498;9.00526411497;128;104
FAURE;javaocr;29;1546;8.96559675530264;136;108
FAURE;javaocr;30;1389;8.904077330739737;123;82
FAURE;javaocr;31;1437;9.005264114969997;107;78
FAURE;javaocr;32;1436;8.90460447960448;126;65
FAURE;javaocr;33;1499;8.926036187992711;124;105
FAURE;javaocr;34;1514;8.96570354766007;130;82
FAURE;javaocr;35;1485;8.96559675530264;131;83
FAURE;javaocr;36;1548;8.984503211165617;126;89
FAURE;javaocr;37;1343;8.965596755302638;115;78
FAURE;javaocr;38;1515;8.90460447960448;130;110
FAURE;javaocr;39;1517;8.984503211165615;135;80
FAURE;javaocr;40;1561;8.904077330739733;129;96
FAURE;javaocr;41;1608;8.904077330739733;132;94
FAURE;javaocr;42;1421;8.96559675530264;135;118
FAURE;javaocr;43;1561;8.984503211165617;129;87
FAURE;javaocr;44;1592;8.965596755302636;137;78
FAURE;javaocr;45;1390;9.005264114969997;122;77
FAURE;javaocr;46;1373;8.928405971447685;127;60
FAURE;javaocr;47;1530;8.88517087487676;134;104
FAURE;javaocr;48;1485;8.904604479604481;135;131
FAURE;javaocr;49;1516;9.005264114969998;125;122
FAURE;javaocr;50;1452;8.96559675530264;119;110
FAURE;javaocr;51;1530;8.965596755302641;131;106
FAURE;javaocr;52;1311;8.885170874876758;104;84
FAURE;javaocr;53;1343;8.965596755302638;119;92
FAURE;javaocr;54;1514;9.005264114969997;135;75
FAURE;javaocr;55;1453;8.88517087487676;129;59
FAURE;javaocr;56;1467;9.005264114969997;133;78
FAURE;javaocr;57;1499;8.926036187992707;129;65
FAURE;javaocr;58;1500;8.904077330739737;134;129
FAURE;javaocr;59;1516;8.965596755302638;125;67
FAURE;javaocr;60;1407;8.965596755302638;134;78
FAURE;javaocr;61;1483;8.96559675530264;140;118
FAURE;javaocr;62;1562;8.963071502777385;133;131
FAURE;javaocr;63;1405;8.963071502777385;115;62
FAURE;javaocr;64;1280;8.984503211165618;106;103
FAURE;javaocr;65;1483;9.005264114969998;129;123
FAURE;javaocr;66;1562;8.96570354766007;132;109
FAURE;javaocr;67;1452;8.965596755302638;139;114
FAURE;javaocr;68;1405;8.904077330739733;114;94
FAURE;javaocr;69;1389;8.965596755302638;116;84
FAURE;javaocr;70;1312;8.984503211165615;87;61
FAURE;javaocr;71;1561;8.904077330739737;141;59
FAURE;javaocr;72;1529;8.911430088635969;132;62
FAURE;javaocr;73;1483;8.96559675530264;126;108
FAURE;javaocr;74;1454;8.90460447960448;122;80
FAURE;javaocr;75;1530;8.925736227398634;132;111
FAURE;javaocr;76;1514;8.904077330739735;130;75
FAURE;javaocr;77;1499;8.965596755302641;131;104
FAURE;javaocr;78;1516;8.984503211165615;128;97
FAURE;javaocr;79;1499;8.965596755302638;132;86
FAURE;javaocr;80;1498;8.96559675530264;119;106
FAURE;javaocr;81;1483;8.965596755302641;134;105
FAURE;javaocr;82;1470;8.96559675530264;135;108
FAURE;javaocr;83;1561;8.984503211165618;131;103
FAURE;javaocr;84;1420;8.904077330739737;136;132
FAURE;javaocr;85;1639;8.88517087487676;138;107
FAURE;javaocr;86;1405;8.965596755302636;139;92
FAURE;javaocr;87;1514;8.965596755302638;129;95
FAURE;javaocr;88;1499;8.965596755302638;131;65
FAURE;javaocr;89;1266;8.984503211165615;92;64
FAURE;javaocr;90;1529;8.88517087487676;117;103
FAURE;javaocr;91;1500;8.904077330739737;126;104
FAURE;javaocr;92;1389;8.984503211165618;123;105
FAURE;javaocr;93;1561;8.96559675530264;136;113
FAURE;javaocr;94;1361;8.965596755302638;107;77
FAURE;javaocr;95;1594;8.965596755302638;133;78
FAURE;javaocr;96;1499;8.965596755302636;140;60
FAURE;javaocr;97;1390;8.96559675530264;119;59
FAURE;javaocr;98;1562;8.96559675530264;132;120
FAURE;javaocr;99;1452;8.854982599100246;108;93
