tipogerador;nomeinstancia;numerociclo;tempoexecucao;valor;restarts;melhorrestart
FAURE;javageom;0;22652;2.7648059439945456;15;0
FAURE;javageom;1;22031;1.971873479318735;151;0
FAURE;javageom;2;21591;2.4245036348292146;164;0
FAURE;javageom;3;21186;1.971873479318735;150;0
FAURE;javageom;4;21422;1.8267995655158065;33;0
FAURE;javageom;5;21014;1.5701519246854656;89;0
FAURE;javageom;6;21500;1.7746770867252795;40;0
FAURE;javageom;7;21560;1.6763166900401933;68;0
FAURE;javageom;8;34103;13.773397493763946;185;183
FAURE;javageom;9;22060;1.971873479318735;162;0
FAURE;javageom;10;25304;13.762170629472994;177;174
FAURE;javageom;11;22949;4.040491127105671;18;0
FAURE;javageom;12;34945;13.839516875815333;186;181
FAURE;javageom;13;28689;13.767982450102151;180;173
FAURE;javageom;14;22312;1.971873479318735;173;0
FAURE;javageom;15;23135;1.8339747730832472;27;0
FAURE;javageom;16;32824;13.877657611454358;186;180
FAURE;javageom;17;27380;13.766269182339554;179;173
FAURE;javageom;18;29487;13.782915371382769;182;180
FAURE;javageom;19;32012;13.756484721706897;185;174
FAURE;javageom;20;22216;1.971873479318735;153;0
FAURE;javageom;21;22560;2.7468333845224073;17;0
FAURE;javageom;22;21202;1.3434211372355702;88;0
FAURE;javageom;23;21390;1.6578014462928925;140;0
FAURE;javageom;24;21935;1.3131868131868132;153;0
FAURE;javageom;25;22059;1.4870367597695209;70;0
FAURE;javageom;26;21687;13.223052354050358;173;173
FAURE;javageom;27;21312;1.4813917339498137;79;0
FAURE;javageom;28;22138;2.712011955753323;29;0
FAURE;javageom;29;22139;2.734096316084296;21;0
FAURE;javageom;30;22481;1.5779197253834623;39;0
FAURE;javageom;31;28628;13.849047900618459;180;175
FAURE;javageom;32;21594;1.5779197253834623;35;0
FAURE;javageom;33;22497;6.25804503387569;173;173
FAURE;javageom;34;32451;13.803331428565722;184;183
FAURE;javageom;35;23776;4.9635539488908735;15;0
FAURE;javageom;36;22277;2.6498558562593546;60;0
FAURE;javageom;37;21234;1.4831652548070458;86;0
FAURE;javageom;38;22200;12.749836084542814;173;173
FAURE;javageom;39;22777;13.81743085495326;174;173
FAURE;javageom;40;21812;1.971873479318735;165;0
FAURE;javageom;41;21856;2.961396430502158;20;0
FAURE;javageom;42;21810;1.8019810748986957;57;0
FAURE;javageom;43;23370;13.735871766835654;174;173
FAURE;javageom;44;21810;1.8531038637421617;36;0
FAURE;javageom;45;22200;4.153230902301592;28;0
FAURE;javageom;46;26724;13.7376688305078;179;174
FAURE;javageom;47;21856;1.8429770486698627;64;0
FAURE;javageom;48;21514;1.955417107456562;33;0
FAURE;javageom;49;23793;3.9711141979201687;16;0
FAURE;javageom;50;22124;1.8012944614834479;63;0
FAURE;javageom;51;21779;1.4870367597695209;94;0
FAURE;javageom;52;22247;2.9165511126230306;39;0
FAURE;javageom;53;21920;11.184870031173771;173;173
FAURE;javageom;54;33058;13.738487294407292;185;183
FAURE;javageom;55;23481;1.7840777098733902;79;2
FAURE;javageom;56;21484;1.971873479318735;156;0
FAURE;javageom;57;21202;2.238036162458402;31;0
FAURE;javageom;58;23200;3.9837202237049567;18;0
FAURE;javageom;59;21342;1.482553908145787;85;0
FAURE;javageom;60;36039;13.760415135668685;191;184
FAURE;javageom;61;21076;1.5773370773370772;37;0
FAURE;javageom;62;21391;2.4243948358052894;42;0
FAURE;javageom;63;34510;13.80181475367974;186;178
FAURE;javageom;64;32761;13.803379283395088;186;174
FAURE;javageom;65;22918;2.6833547563762346;23;0
FAURE;javageom;66;36209;13.79154582278843;188;181
FAURE;javageom;67;22434;2.41149853883469;22;0
FAURE;javageom;68;24729;4.99692212086458;13;0
FAURE;javageom;69;22044;1.480228460323247;85;0
FAURE;javageom;70;22200;3.818509477081188;29;0
FAURE;javageom;71;21981;9.98637042736103;173;173
FAURE;javageom;72;22325;3.0965790270493505;47;0
FAURE;javageom;73;21513;2.6622649665009726;109;64
FAURE;javageom;74;34760;13.831603510371005;187;178
FAURE;javageom;75;28409;13.853301787362467;182;181
FAURE;javageom;76;32433;13.77211687992296;186;178
FAURE;javageom;77;22153;1.8403914560775685;102;0
FAURE;javageom;78;21452;11.101040978147791;173;173
FAURE;javageom;79;27208;13.801173029456418;179;176
FAURE;javageom;80;21716;1.4804185215008836;83;0
FAURE;javageom;81;21233;1.5781958734491077;33;0
FAURE;javageom;82;22246;1.5773370773370772;27;0
FAURE;javageom;83;22029;1.8537597886902573;33;0
FAURE;javageom;84;21544;1.5779197253834623;34;0
FAURE;javageom;85;21311;1.971873479318735;166;0
FAURE;javageom;86;27847;13.786538054263024;180;175
FAURE;javageom;87;22030;2.7483343968512486;54;0
FAURE;javageom;88;36460;13.793893014638707;187;175
FAURE;javageom;89;29392;13.809123560165133;181;175
FAURE;javageom;90;31326;13.782419448452467;184;176
FAURE;javageom;91;22824;2.40541914848018;23;0
FAURE;javageom;92;35849;13.809231099300543;188;187
FAURE;javageom;93;28128;13.777186682075715;181;174
FAURE;javageom;94;22514;2.5447830677841976;27;0
FAURE;javageom;95;21279;1.479036475859019;63;0
FAURE;javageom;96;22513;1.7988610730244485;52;0
FAURE;javageom;97;22452;3.9965673376418422;23;0
FAURE;javageom;98;21872;2.7230372537669343;17;0
FAURE;javageom;99;23682;13.897276414753371;174;173
