tipogerador;nomeinstancia;numerociclo;tempoexecucao;valor;restarts;melhorrestart
FAURE;jconsole;0;35241;26.026079702161518;225;224
FAURE;jconsole;1;30593;17.16138022469949;223;223
FAURE;jconsole;2;40514;17.632004418978983;8;0
FAURE;jconsole;3;32449;4.248016420328219;49;0
FAURE;jconsole;4;32636;26.119711404950454;224;223
FAURE;jconsole;5;30515;1.6980619597692885;90;0
FAURE;jconsole;6;33354;5.228105942078249;34;0
FAURE;jconsole;7;54710;26.19823582203648;239;237
FAURE;jconsole;8;32434;5.638195487431226;42;0
FAURE;jconsole;9;30967;2.296962586182362;78;0
FAURE;jconsole;10;50966;26.277224559158647;234;230
FAURE;jconsole;11;40920;26.04622197443361;228;223
FAURE;jconsole;12;52589;26.070292508557934;237;226
FAURE;jconsole;13;32261;4.707509741593238;38;0
FAURE;jconsole;14;40203;26.12724087867934;227;226
FAURE;jconsole;15;31060;2.3097731558920156;131;0
FAURE;jconsole;16;55381;26.213132403493848;238;234
FAURE;jconsole;17;53057;26.21734018314851;235;230
FAURE;jconsole;18;30530;2.2239667961850937;126;0
FAURE;jconsole;19;31233;2.65586267095376;89;0
FAURE;jconsole;20;53946;26.03028875453399;237;228
FAURE;jconsole;21;30187;1.5088043862157117;171;0
FAURE;jconsole;22;36006;25.90605208228017;225;224
FAURE;jconsole;23;38252;16.314909090266976;6;6
FAURE;jconsole;24;31700;2.172139066510687;78;0
FAURE;jconsole;25;32792;5.791467664736693;20;0
FAURE;jconsole;26;32465;5.896448835904371;30;0
FAURE;jconsole;27;31544;2.5314535390005553;93;69
FAURE;jconsole;28;30203;3.0605269576901843;86;0
FAURE;jconsole;29;56489;26.217909295967427;237;231
FAURE;jconsole;30;51839;26.21517669800372;236;227
FAURE;jconsole;31;31233;4.207106423098731;31;0
FAURE;jconsole;32;40701;26.058626704273735;229;224
FAURE;jconsole;33;31108;1.6726995618212994;127;0
FAURE;jconsole;34;30046;1.6819805428530294;101;0
FAURE;jconsole;35;33807;7.849456305737653;22;0
FAURE;jconsole;36;30592;2.0532622388890513;98;0
FAURE;jconsole;37;38814;26.064708443085433;227;224
FAURE;jconsole;38;41170;26.178611489064945;229;225
FAURE;jconsole;39;31201;1.5232427006760547;137;0
FAURE;jconsole;40;30639;3.564666753332315;53;47
FAURE;jconsole;41;31357;4.153033921485315;69;0
FAURE;jconsole;42;29797;1.701330786841493;95;0
FAURE;jconsole;43;33401;7.324197237878763;22;0
FAURE;jconsole;44;39562;26.224334207161228;228;224
FAURE;jconsole;45;39033;15.749129251591762;7;0
FAURE;jconsole;46;30202;1.6141385215755637;120;0
FAURE;jconsole;47;36646;12.907727244950417;7;0
FAURE;jconsole;48;32012;3.979305653484057;35;0
FAURE;jconsole;49;32028;3.251326891960255;48;0
FAURE;jconsole;50;42324;26.23556374822948;230;225
FAURE;jconsole;51;56941;26.180598941794084;238;227
FAURE;jconsole;52;34914;7.568644588317539;18;0
FAURE;jconsole;53;29734;1.5173931363827895;155;0
FAURE;jconsole;54;44758;26.179936551829332;231;227
FAURE;jconsole;55;30546;2.3623712604122193;63;0
FAURE;jconsole;56;32106;5.541511250215791;28;0
FAURE;jconsole;57;44118;26.178673846017;232;227
FAURE;jconsole;58;30717;2.1629287022776214;72;0
FAURE;jconsole;59;45600;26.038718678227603;232;225
FAURE;jconsole;60;38705;17.686578968131258;7;2
FAURE;jconsole;61;30046;2.4025940435676745;94;0
FAURE;jconsole;62;46552;26.145877476646657;234;226
FAURE;jconsole;63;30530;2.150037191677768;211;0
FAURE;jconsole;64;30000;1.577252829797705;132;0
FAURE;jconsole;65;35226;26.092393165150167;224;223
FAURE;jconsole;66;31029;2.926513444494517;131;110
FAURE;jconsole;67;53868;26.047965123299523;239;231
FAURE;jconsole;68;46629;26.1890860095817;234;229
FAURE;jconsole;69;30500;1.7246618372972626;214;0
FAURE;jconsole;70;30623;2.5943805874840358;110;0
FAURE;jconsole;71;30343;1.64883034294799;108;0
FAURE;jconsole;72;54711;26.17759481611444;239;224
FAURE;jconsole;73;53571;26.264951160931897;236;233
FAURE;jconsole;74;35881;26.157292035312636;226;223
FAURE;jconsole;75;29688;1.7043538117363621;75;0
FAURE;jconsole;76;44102;26.070770082970608;230;225
FAURE;jconsole;77;44461;26.202241721641634;233;230
FAURE;jconsole;78;54524;26.222826248537523;240;233
FAURE;jconsole;79;48407;26.226237610907827;234;227
FAURE;jconsole;80;42059;26.242759615536468;230;225
FAURE;jconsole;81;34649;25.92757944470001;225;223
FAURE;jconsole;82;44866;26.078759250045668;232;227
FAURE;jconsole;83;45382;26.192449233896944;232;228
FAURE;jconsole;84;35304;5.958746164027884;23;2
FAURE;jconsole;85;48642;26.281437013371097;233;230
FAURE;jconsole;86;30202;2.1105178095154353;128;0
FAURE;jconsole;87;54492;26.28640105937257;238;233
FAURE;jconsole;88;30749;2.9271381372408922;153;0
FAURE;jconsole;89;51341;26.20472767339702;235;227
FAURE;jconsole;90;46629;26.223318060030017;233;230
FAURE;jconsole;91;42246;26.198235822036473;231;229
FAURE;jconsole;92;34961;26.094371087736956;226;223
FAURE;jconsole;93;31809;2.0396898449071212;161;0
FAURE;jconsole;94;35741;26.11983580364758;226;225
FAURE;jconsole;95;50498;26.10136268922244;237;232
FAURE;jconsole;96;37566;26.120727241624586;227;223
FAURE;jconsole;97;56208;26.23556374822948;239;224
FAURE;jconsole;98;56738;26.237409357225186;238;223
FAURE;jconsole;99;51185;26.175346075680476;236;234
