tipogerador;nomeinstancia;numerociclo;tempoexecucao;valor;restarts;melhorrestart
FAURE;jdendogram;0;17348;5.051976549938605;28;0
FAURE;jdendogram;1;22839;26.00719780561481;188;184
FAURE;jdendogram;2;22793;26.048205833346973;188;179
FAURE;jdendogram;3;29238;26.00688737492912;197;196
FAURE;jdendogram;4;17130;3.287331655784568;42;0
FAURE;jdendogram;5;17161;2.5549169176950732;110;0
FAURE;jdendogram;6;28549;26.02411002981942;197;181
FAURE;jdendogram;7;29439;25.97601435905611;198;186
FAURE;jdendogram;8;29736;26.006887374929125;198;189
FAURE;jdendogram;9;16492;2.3088047607783007;84;0
FAURE;jdendogram;10;16771;1.7403024751230376;165;0
FAURE;jdendogram;11;17285;1.7041026364020866;87;0
FAURE;jdendogram;12;17538;26.05688737492913;181;179
FAURE;jdendogram;13;17132;2.8077001945423;86;0
FAURE;jdendogram;14;28223;26.01217723000159;197;181
FAURE;jdendogram;15;19706;26.01806829749524;184;181
FAURE;jdendogram;16;17021;2.252248399512824;49;0
FAURE;jdendogram;17;28254;26.056887374929126;194;192
FAURE;jdendogram;18;18129;7.353557741548393;25;18
FAURE;jdendogram;19;23978;26.056887374929122;189;181
FAURE;jdendogram;20;22137;26.009975953017705;188;183
FAURE;jdendogram;21;16990;2.5339303141534453;74;0
FAURE;jdendogram;22;17272;2.522789341412306;66;0
FAURE;jdendogram;23;29861;26.012177230001587;198;180
FAURE;jdendogram;24;25071;26.01217723000159;193;190
FAURE;jdendogram;25;19813;11.76088821061278;12;0
FAURE;jdendogram;26;30046;25.978284738026385;199;183
FAURE;jdendogram;27;20174;25.91733281747396;184;179
FAURE;jdendogram;28;25616;26.012177230001587;192;179
FAURE;jdendogram;29;16381;2.0052449965493446;80;0
FAURE;jdendogram;30;22060;26.049147723513002;186;183
FAURE;jdendogram;31;18237;7.8686098711370285;18;0
FAURE;jdendogram;32;30390;26.009975953017705;199;186
FAURE;jdendogram;33;28909;25.959975953017704;198;188
FAURE;jdendogram;34;16802;1.5449500953235393;104;0
FAURE;jdendogram;35;28536;26.00688737492913;196;188
FAURE;jdendogram;36;16115;1.6872408293460925;94;0
FAURE;jdendogram;37;17208;3.546765474851493;58;0
FAURE;jdendogram;38;27177;26.00688737492912;197;195
FAURE;jdendogram;39;30110;26.00719780561481;197;181
FAURE;jdendogram;40;17551;5.316135329134431;45;3
FAURE;jdendogram;41;29549;26.05809594882958;197;184
FAURE;jdendogram;42;29859;26.07411002981942;197;183
FAURE;jdendogram;43;16647;1.7938221018999538;58;0
FAURE;jdendogram;44;28346;26.04820583334697;198;193
FAURE;jdendogram;45;30515;26.009288040185577;200;182
FAURE;jdendogram;46;27566;26.028284738026382;195;182
FAURE;jdendogram;47;28721;25.827394233799154;196;181
FAURE;jdendogram;48;27566;26.00928804018558;194;181
FAURE;jdendogram;49;17676;2.224156486329261;132;0
FAURE;jdendogram;50;17878;4.793321343571485;30;6
FAURE;jdendogram;51;20283;26.056887374929126;185;183
FAURE;jdendogram;52;20734;26.056887374929122;185;183
FAURE;jdendogram;53;18487;6.483297904796684;22;2
FAURE;jdendogram;54;28020;26.0255918835525;196;190
FAURE;jdendogram;55;18331;9.856971105649457;14;0
FAURE;jdendogram;56;20751;26.028284738026382;185;182
FAURE;jdendogram;57;23357;26.012177230001587;190;186
FAURE;jdendogram;58;21640;25.95928804018558;186;179
FAURE;jdendogram;59;22108;25.96217723000159;186;180
FAURE;jdendogram;60;18832;10.750507269400693;13;0
FAURE;jdendogram;61;16912;1.6700819061801937;90;0
FAURE;jdendogram;62;16646;1.7944637815389672;53;0
FAURE;jdendogram;63;18503;26.00928804018558;181;179
FAURE;jdendogram;64;23557;26.006887374929125;189;180
FAURE;jdendogram;65;21030;26.0099759530177;185;183
FAURE;jdendogram;66;20187;26.028284738026382;186;185
FAURE;jdendogram;67;16274;2.3781035795887284;143;0
FAURE;jdendogram;68;26975;26.012136058180655;195;188
FAURE;jdendogram;69;17692;4.933739301128787;30;0
FAURE;jdendogram;70;16133;1.783340226453999;141;0
FAURE;jdendogram;71;16990;4.452830947829591;59;0
FAURE;jdendogram;72;25836;26.0099759530177;194;181
FAURE;jdendogram;73;17163;2.7009247317266434;75;0
FAURE;jdendogram;74;28770;25.9755918835525;198;188
FAURE;jdendogram;75;16773;2.1174873757451755;58;0
FAURE;jdendogram;76;30204;26.054976362351915;196;179
FAURE;jdendogram;77;16818;1.7938221018999538;64;0
FAURE;jdendogram;78;16290;2.435612590924387;48;0
FAURE;jdendogram;79;27239;25.959975953017704;195;189
FAURE;jdendogram;80;22122;26.006887374929125;187;182
FAURE;jdendogram;81;17132;2.237437252455779;43;0
FAURE;jdendogram;82;16430;1.7938221018999538;51;0
FAURE;jdendogram;83;26958;25.832684088871616;194;183
FAURE;jdendogram;84;17176;1.7938221018999538;58;0
FAURE;jdendogram;85;28316;26.00998534374718;196;184
FAURE;jdendogram;86;27052;26.00688737492913;195;180
FAURE;jdendogram;87;22981;25.979746217615553;187;186
FAURE;jdendogram;88;16038;1.903676166873193;174;0
FAURE;jdendogram;89;18285;5.284953123326593;27;0
FAURE;jdendogram;90;21733;26.00688737492912;185;179
FAURE;jdendogram;91;29641;26.00928804018558;199;179
FAURE;jdendogram;92;16958;1.5785387625528435;136;0
FAURE;jdendogram;93;18440;9.105312896994992;18;3
FAURE;jdendogram;94;17459;3.552301417289976;47;11
FAURE;jdendogram;95;17741;7.445834749868316;29;0
FAURE;jdendogram;96;27989;26.058285481180167;194;183
FAURE;jdendogram;97;29329;26.007197805614812;200;191
FAURE;jdendogram;98;17208;3.8365586642067044;61;0
FAURE;jdendogram;99;28783;26.056896765658596;196;183
