tipogerador;nomeinstancia;numerociclo;tempoexecucao;valor;restarts;melhorrestart
FAURE;jfluid;0;3481;6.481227391705679;110;96
FAURE;jfluid;1;3512;6.425706235874927;114;85
FAURE;jfluid;2;2795;6.423220855757968;92;85
FAURE;jfluid;3;2918;3.3487020693256295;58;0
FAURE;jfluid;4;3935;6.4305725683728365;122;112
FAURE;jfluid;5;3497;6.481227391705679;111;93
FAURE;jfluid;6;3386;6.481227391705679;105;84
FAURE;jfluid;7;3823;6.425800488600757;125;98
FAURE;jfluid;8;4231;6.48122739170568;119;86
FAURE;jfluid;9;3745;6.481227391705679;120;95
FAURE;jfluid;10;4260;6.48122739170568;121;89
FAURE;jfluid;11;2904;6.48122739170568;93;88
FAURE;jfluid;12;2981;6.423503089863731;101;94
FAURE;jfluid;13;2591;6.48122739170568;96;84
FAURE;jfluid;14;3123;6.514555252355523;96;91
FAURE;jfluid;15;3824;6.481227391705678;118;89
FAURE;jfluid;16;2983;6.507203539740651;99;97
FAURE;jfluid;17;3247;6.423220855757967;101;86
FAURE;jfluid;18;3605;6.423220855757967;108;85
FAURE;jfluid;19;3122;6.4741014222825;95;94
FAURE;jfluid;20;3559;6.481227391705679;108;94
FAURE;jfluid;21;3293;6.509688919857609;104;93
FAURE;jfluid;22;3714;6.48122739170568;127;122
FAURE;jfluid;23;2918;6.507485773846414;96;93
FAURE;jfluid;24;3590;6.481227391705679;117;83
FAURE;jfluid;25;3155;6.423220855757966;100;93
FAURE;jfluid;26;3760;6.48122739170568;120;113
FAURE;jfluid;27;3591;6.558084106265184;121;93
FAURE;jfluid;28;3763;6.481227391705679;121;108
FAURE;jfluid;29;3700;6.5074857738464145;111;88
FAURE;jfluid;30;2967;6.514555252355521;95;93
FAURE;jfluid;31;3963;6.41010377934717;122;86
FAURE;jfluid;32;3324;6.425706235874927;98;84
FAURE;jfluid;33;3902;6.4363621614879065;122;91
FAURE;jfluid;34;2794;6.426708742140591;99;83
FAURE;jfluid;35;2608;6.373811931349042;88;83
FAURE;jfluid;36;3058;6.425706235874927;97;85
FAURE;jfluid;37;3309;6.400070313489779;108;93
FAURE;jfluid;38;3825;6.42670874214059;121;100
FAURE;jfluid;39;3076;6.481227391705679;100;88
FAURE;jfluid;40;2918;3.656592848512937;66;0
FAURE;jfluid;41;3839;6.481227391705681;125;123
FAURE;jfluid;42;3589;6.502562950434431;107;93
FAURE;jfluid;43;3979;6.41010377934717;123;100
FAURE;jfluid;44;4010;6.509688919857609;118;97
FAURE;jfluid;45;4168;6.455952260670628;121;102
FAURE;jfluid;46;3714;6.425706235874927;115;88
FAURE;jfluid;47;3185;6.425706235874926;108;89
FAURE;jfluid;48;3341;6.429299461214943;111;83
FAURE;jfluid;49;3573;6.565210075688363;121;102
FAURE;jfluid;50;2747;3.804561188337279;43;0
FAURE;jfluid;51;3308;6.422813855350966;99;89
FAURE;jfluid;52;2873;6.471878623768142;90;86
FAURE;jfluid;53;2967;6.481227391705679;103;87
FAURE;jfluid;54;2936;6.494086463329855;95;91
FAURE;jfluid;55;3809;6.440100175268865;116;110
FAURE;jfluid;56;3357;6.496278066326153;115;91
FAURE;jfluid;57;3495;6.48122739170568;116;94
FAURE;jfluid;58;3684;6.480820391298678;123;102
FAURE;jfluid;59;3122;6.481227391705678;98;85
FAURE;jfluid;60;2669;6.423503089863731;90;83
FAURE;jfluid;61;2686;6.471878623768142;85;84
FAURE;jfluid;62;2778;3.3359584993672406;57;0
FAURE;jfluid;63;2795;6.507203539740651;94;91
FAURE;jfluid;64;2950;6.425706235874926;100;92
FAURE;jfluid;65;3465;6.368984440298641;110;108
FAURE;jfluid;66;2699;2.6032030146019784;68;40
FAURE;jfluid;67;2638;6.481227391705679;89;88
FAURE;jfluid;68;3591;6.48122739170568;114;100
FAURE;jfluid;69;3730;6.48082039129868;122;83
FAURE;jfluid;70;3043;6.48122739170568;96;84
FAURE;jfluid;71;2858;6.430572568372838;93;83
FAURE;jfluid;72;2561;6.481227391705679;91;86
FAURE;jfluid;73;3108;6.423220855757967;96;89
FAURE;jfluid;74;3170;6.513282145197627;104;83
FAURE;jfluid;75;3855;6.514555252355522;116;93
FAURE;jfluid;76;3417;6.481227391705679;107;87
FAURE;jfluid;77;3184;6.353096123249333;102;88
FAURE;jfluid;78;3872;6.565210075688364;109;93
FAURE;jfluid;79;3106;6.449479237898702;104;93
FAURE;jfluid;80;2811;6.402977809923991;86;84
FAURE;jfluid;81;2980;6.425706235874927;94;84
FAURE;jfluid;82;3028;6.481227391705679;94;85
FAURE;jfluid;83;3027;3.5667080201020727;39;0
FAURE;jfluid;84;3168;6.423220855757967;101;83
FAURE;jfluid;85;3310;6.436362161487906;106;93
FAURE;jfluid;86;3183;6.423503089863732;97;90
FAURE;jfluid;87;3636;6.481227391705678;115;93
FAURE;jfluid;88;2982;6.41387208782043;89;85
FAURE;jfluid;89;3279;6.48122739170568;109;83
FAURE;jfluid;90;4090;6.422173491791764;119;100
FAURE;jfluid;91;2591;2.758810394239825;59;0
FAURE;jfluid;92;2965;6.449479237898703;97;93
FAURE;jfluid;93;2935;6.423220855757966;95;87
FAURE;jfluid;94;3731;6.507203539740651;124;93
FAURE;jfluid;95;3074;6.48122739170568;98;83
FAURE;jfluid;96;2717;2.7604423152971247;83;83
FAURE;jfluid;97;3389;6.423096089456731;110;109
FAURE;jfluid;98;3043;6.423503089863731;93;85
FAURE;jfluid;99;3076;6.481227391705679;96;89
