tipogerador;nomeinstancia;numerociclo;tempoexecucao;valor;restarts;melhorrestart
FAURE;jkaryoscope;0;9722;8.60895604720404;19;0
FAURE;jkaryoscope;1;10359;18.815488759888478;146;139
FAURE;jkaryoscope;2;12233;18.885091934491655;153;137
FAURE;jkaryoscope;3;11467;18.94265749451623;150;142
FAURE;jkaryoscope;4;9017;5.417719480265225;57;0
FAURE;jkaryoscope;5;8630;2.7060928473542276;89;0
FAURE;jkaryoscope;6;13448;18.946780246179966;158;142
FAURE;jkaryoscope;7;14338;18.859501638901364;159;154
FAURE;jkaryoscope;8;10485;18.87717707157679;146;140
FAURE;jkaryoscope;9;12263;18.89213584843212;154;138
FAURE;jkaryoscope;10;12059;18.87717707157679;153;142
FAURE;jkaryoscope;11;11157;18.87717707157679;149;142
FAURE;jkaryoscope;12;9955;18.88509193449165;142;138
FAURE;jkaryoscope;13;12935;18.946780246179966;154;148
FAURE;jkaryoscope;14;11547;18.885091934491655;150;147
FAURE;jkaryoscope;15;14402;18.892135848432122;161;155
FAURE;jkaryoscope;16;11560;18.817524696279982;148;144
FAURE;jkaryoscope;17;9036;4.122549154178552;58;0
FAURE;jkaryoscope;18;12777;18.95382416012043;154;145
FAURE;jkaryoscope;19;14166;18.828135818712006;160;146
FAURE;jkaryoscope;20;14447;18.88509193449166;163;149
FAURE;jkaryoscope;21;12513;18.885091934491655;152;145
FAURE;jkaryoscope;22;9269;4.945618608788655;61;0
FAURE;jkaryoscope;23;12902;18.80574390704018;151;146
FAURE;jkaryoscope;24;12013;18.885091934491655;153;142
FAURE;jkaryoscope;25;14355;18.815488759888485;164;160
FAURE;jkaryoscope;26;11967;18.885091934491655;154;141
FAURE;jkaryoscope;27;13448;18.82813581871201;160;153
FAURE;jkaryoscope;28;13152;18.885091934491655;155;141
FAURE;jkaryoscope;29;9363;5.323669313913217;41;0
FAURE;jkaryoscope;30;10905;18.877177071576792;147;142
FAURE;jkaryoscope;31;8644;2.9201609673947306;134;0
FAURE;jkaryoscope;32;14697;18.880098233853523;165;161
FAURE;jkaryoscope;33;13792;18.876343410286157;163;148
FAURE;jkaryoscope;34;12858;18.826227804647182;155;147
FAURE;jkaryoscope;35;9424;6.566022269003699;22;0
FAURE;jkaryoscope;36;14542;18.88801309676839;157;156
FAURE;jkaryoscope;37;13807;18.918356915125056;156;144
FAURE;jkaryoscope;38;13901;18.86830316770289;161;151
FAURE;jkaryoscope;39;10562;18.884220985517256;146;137
FAURE;jkaryoscope;40;12045;18.87122432997962;153;151
FAURE;jkaryoscope;41;11779;18.818390965863706;148;138
FAURE;jkaryoscope;42;14665;18.889824130400317;165;142
FAURE;jkaryoscope;43;14385;18.897445396672552;160;137
FAURE;jkaryoscope;44;12139;18.873054319913056;152;143
FAURE;jkaryoscope;45;14197;18.871267608231875;160;147
FAURE;jkaryoscope;46;13324;18.88509193449166;159;153
FAURE;jkaryoscope;47;8955;8.822924093505387;15;0
FAURE;jkaryoscope;48;8911;3.722888540823779;98;0
FAURE;jkaryoscope;49;8472;2.3693516755413158;91;74
FAURE;jkaryoscope;50;11904;18.892135848432122;151;149
FAURE;jkaryoscope;51;9953;18.888013096768383;143;137
FAURE;jkaryoscope;52;10081;18.868303167702887;145;138
FAURE;jkaryoscope;53;13761;18.892135848432122;160;147
FAURE;jkaryoscope;54;8521;2.872201006769658;133;0
FAURE;jkaryoscope;55;13417;18.885091934491655;159;142
FAURE;jkaryoscope;56;12652;18.896868044340792;156;155
FAURE;jkaryoscope;57;12263;18.892135848432122;155;150
FAURE;jkaryoscope;58;14558;18.91428758223219;161;137
FAURE;jkaryoscope;59;8692;2.502455092209219;97;0
FAURE;jkaryoscope;60;8659;2.4122842092916628;119;0
FAURE;jkaryoscope;61;11030;18.885701378736584;149;142
FAURE;jkaryoscope;62;10001;18.815488759888478;144;138
FAURE;jkaryoscope;63;13698;18.88096918282792;161;155
FAURE;jkaryoscope;64;12639;18.892135848432122;155;147
FAURE;jkaryoscope;65;11748;18.892135848432122;151;147
FAURE;jkaryoscope;66;11342;18.946780246179962;150;143
FAURE;jkaryoscope;67;9581;18.875347081643348;142;137
FAURE;jkaryoscope;68;8334;1.6965675934803452;114;0
FAURE;jkaryoscope;69;13715;18.94265749451623;159;139
FAURE;jkaryoscope;70;11844;18.811366008224745;153;150
FAURE;jkaryoscope;71;8208;1.781829515349852;115;0
FAURE;jkaryoscope;72;13682;18.953824160120437;159;156
FAURE;jkaryoscope;73;14603;18.892135848432126;163;160
FAURE;jkaryoscope;74;13370;18.94678024617997;159;155
FAURE;jkaryoscope;75;9486;18.876064376044855;140;139
FAURE;jkaryoscope;76;8722;18.815488759888474;138;137
FAURE;jkaryoscope;77;11545;18.95382416012043;150;138
FAURE;jkaryoscope;78;12201;18.875347081643355;151;137
FAURE;jkaryoscope;79;10423;18.88096918282792;147;144
FAURE;jkaryoscope;80;14183;18.946780246179966;160;142
FAURE;jkaryoscope;81;8113;1.781829515349852;134;0
FAURE;jkaryoscope;82;12185;18.885091934491655;153;140
FAURE;jkaryoscope;83;11732;18.89213584843212;149;147
FAURE;jkaryoscope;84;11890;18.942657494516233;153;148
FAURE;jkaryoscope;85;10611;18.86432196162214;148;142
FAURE;jkaryoscope;86;9299;18.864180416039147;140;139
FAURE;jkaryoscope;87;14089;18.876064376044855;162;142
FAURE;jkaryoscope;88;13215;18.953824160120433;157;151
FAURE;jkaryoscope;89;10921;18.8765741249935;150;146
FAURE;jkaryoscope;90;10422;11.46528323743757;18;0
FAURE;jkaryoscope;91;11903;18.875347081643355;154;150
FAURE;jkaryoscope;92;11485;18.88509193449166;150;149
FAURE;jkaryoscope;93;11280;18.953824160120433;148;142
FAURE;jkaryoscope;94;10671;11.945911336514374;12;0
FAURE;jkaryoscope;95;11031;18.828135818712006;148;137
FAURE;jkaryoscope;96;9471;18.871224329979615;141;139
FAURE;jkaryoscope;97;12107;18.885091934491655;155;146
FAURE;jkaryoscope;98;8802;4.68476703088472;40;0
FAURE;jkaryoscope;99;11545;18.885091934491655;152;143
