tipogerador;nomeinstancia;numerociclo;tempoexecucao;valor;restarts;melhorrestart
FAURE;jmetal;0;25257;2.449324952930266;51;0
FAURE;jmetal;1;23510;1.5071832550623643;74;0
FAURE;jmetal;2;25931;3.397532137696847;22;0
FAURE;jmetal;3;24524;1.9556644202265696;38;0
FAURE;jmetal;4;25819;1.4948476091263099;80;0
FAURE;jmetal;5;40952;12.35822845292399;204;200
FAURE;jmetal;6;25335;12.245775240378162;192;191
FAURE;jmetal;7;34230;12.395039973255582;198;194
FAURE;jmetal;8;24823;2.1674563216647074;61;30
FAURE;jmetal;9;25399;1.8225218822916296;53;0
FAURE;jmetal;10;24743;3.780557076420336;17;0
FAURE;jmetal;11;30017;12.336704535753592;195;193
FAURE;jmetal;12;24604;1.7380414724164726;53;0
FAURE;jmetal;13;41138;12.422080123760992;202;191
FAURE;jmetal;14;39534;12.363770903180997;201;191
FAURE;jmetal;15;23791;1.7226682492527101;56;0
FAURE;jmetal;16;25195;4.6414499953067745;15;0
FAURE;jmetal;17;42980;12.333754297747657;205;204
FAURE;jmetal;18;23495;1.6195648625709995;72;0
FAURE;jmetal;19;26458;4.398303849029879;24;0
FAURE;jmetal;20;25039;2.1393378921388146;55;0
FAURE;jmetal;21;24057;1.6195648625709995;69;0
FAURE;jmetal;22;25663;2.5357287774039596;24;0
FAURE;jmetal;23;24695;1.8899315606760352;54;0
FAURE;jmetal;24;25274;3.6013919667573453;27;0
FAURE;jmetal;25;24229;2.2030055899565824;171;0
FAURE;jmetal;26;23791;1.4665823051242028;74;0
FAURE;jmetal;27;43618;12.4052318622782;204;202
FAURE;jmetal;28;27335;4.336832104651605;19;0
FAURE;jmetal;29;24916;5.155583677933591;13;0
FAURE;jmetal;30;23823;1.7068704290718206;116;0
FAURE;jmetal;31;24446;1.8063057627019323;68;0
FAURE;jmetal;32;29267;7.452914269907617;11;0
FAURE;jmetal;33;37677;12.289946146524679;201;192
FAURE;jmetal;34;24541;1.9556644202265696;51;0
FAURE;jmetal;35;23700;1.6949490621990533;62;0
FAURE;jmetal;36;36897;12.224779092700915;200;199
FAURE;jmetal;37;24963;3.386650952246928;28;0
FAURE;jmetal;38;37191;12.482111979447986;201;193
FAURE;jmetal;39;24946;1.4930489294727174;46;0
FAURE;jmetal;40;27380;4.572482879649568;14;0
FAURE;jmetal;41;34604;12.46952788062561;198;195
FAURE;jmetal;42;23980;1.8678770625145247;110;0
FAURE;jmetal;43;31453;12.428707181444398;195;195
FAURE;jmetal;44;39064;12.415736203358463;201;193
FAURE;jmetal;45;24260;1.8574307199360098;74;0
FAURE;jmetal;46;31530;12.349406127022723;196;195
FAURE;jmetal;47;24010;1.6195648625709995;62;0
FAURE;jmetal;48;44432;12.280355556453147;204;194
FAURE;jmetal;49;38752;12.408986674625565;202;198
FAURE;jmetal;50;24057;1.9636701869752393;102;0
FAURE;jmetal;51;25866;3.0008307923178568;20;0
FAURE;jmetal;52;42838;12.494445015664192;202;191
FAURE;jmetal;53;24308;1.764045457967156;59;0
FAURE;jmetal;54;27005;4.523224113640262;15;0
FAURE;jmetal;55;40969;12.458040232852715;202;193
FAURE;jmetal;56;25867;4.1696319704803715;23;0
FAURE;jmetal;57;23527;1.475824871971359;78;0
FAURE;jmetal;58;24150;1.9800230981140072;62;0
FAURE;jmetal;59;41372;12.366993925050524;202;200
FAURE;jmetal;60;23729;1.8206382317461822;112;0
FAURE;jmetal;61;35898;12.324637888889635;198;191
FAURE;jmetal;62;25494;5.5244490029213615;11;0
FAURE;jmetal;63;23229;1.6195648625709995;73;0
FAURE;jmetal;64;24152;2.5711649917927946;38;0
FAURE;jmetal;65;23947;3.092691411074906;31;0
FAURE;jmetal;66;45163;12.406944093605071;203;194
FAURE;jmetal;67;29922;12.286287628449871;194;192
FAURE;jmetal;68;23308;1.6195648625709995;61;0
FAURE;jmetal;69;44289;12.39460057119083;203;197
FAURE;jmetal;70;42123;12.226737433404804;204;193
FAURE;jmetal;71;24275;2.227139858045425;143;0
FAURE;jmetal;72;24103;2.4245913237904007;54;0
FAURE;jmetal;73;23870;1.8826881810718017;96;0
FAURE;jmetal;74;24495;1.5532140631753855;41;0
FAURE;jmetal;75;23341;1.3567081302587232;125;0
FAURE;jmetal;76;24463;1.9055187961599818;41;0
FAURE;jmetal;77;23620;2.0712410778418393;55;0
FAURE;jmetal;78;23541;1.6104923424129522;60;0
FAURE;jmetal;79;25741;1.9445541965076045;27;0
FAURE;jmetal;80;23497;1.4850592064914845;61;0
FAURE;jmetal;81;27192;5.5265177512558346;11;0
FAURE;jmetal;82;24713;2.940800720275432;44;42
FAURE;jmetal;83;24010;1.9205808866155347;88;0
FAURE;jmetal;84;39596;12.29422759519888;201;193
FAURE;jmetal;85;39531;12.41605686289722;201;199
FAURE;jmetal;86;24836;4.219870556366123;19;0
FAURE;jmetal;87;28208;7.239552603890742;9;0
FAURE;jmetal;88;24181;1.6195648625709995;71;0
FAURE;jmetal;89;24744;2.2961611956569037;35;0
FAURE;jmetal;90;25587;5.112796917621955;14;0
FAURE;jmetal;91;43556;12.381515659870947;204;203
FAURE;jmetal;92;24167;1.6168381914483145;169;0
FAURE;jmetal;93;24617;1.847006386490714;68;0
FAURE;jmetal;94;24385;1.6891402714932129;48;0
FAURE;jmetal;95;25585;4.5344493886837105;20;2
FAURE;jmetal;96;26553;6.767793476857267;9;3
FAURE;jmetal;97;23307;1.475824871971359;96;0
FAURE;jmetal;98;23744;1.439077742199717;161;0
FAURE;jmetal;99;25119;2.991487683853051;41;0
