tipogerador;nomeinstancia;numerociclo;tempoexecucao;valor;restarts;melhorrestart
FAURE;jml;0;65334;5.011311908852052;10;0
FAURE;jml;1;61137;2.1589610117927207;59;0
FAURE;jml;2;60888;1.4001522331622756;77;0
FAURE;jml;3;60576;1.4869694869694872;198;0
FAURE;jml;4;66785;6.523211423787707;11;0
FAURE;jml;5;71948;10.776069252269448;4;0
FAURE;jml;6;61917;1.645507027122626;114;0
FAURE;jml;7;71918;11.45684407712205;5;0
FAURE;jml;8;111681;17.162422943005183;279;271
FAURE;jml;9;69983;8.82500566365393;7;0
FAURE;jml;10;74413;17.236946182926083;273;271
FAURE;jml;11;67393;4.500065109486539;15;0
FAURE;jml;12;110231;17.099777068438627;279;274
FAURE;jml;13;74132;13.92294819330828;3;0
FAURE;jml;14;61621;5.011112402994481;13;0
FAURE;jml;15;107751;17.295542891830348;279;274
FAURE;jml;16;59702;1.5468999504020782;88;0
FAURE;jml;17;61356;3.385168114793432;32;0
FAURE;jml;18;61169;1.4161775147489062;98;0
FAURE;jml;19;68828;9.355495025718131;7;0
FAURE;jml;20;58969;1.5092638544251447;110;0
FAURE;jml;21;65506;6.4237615948240006;12;0
FAURE;jml;22;61574;2.3349487856172706;32;0
FAURE;jml;23;77985;11.190323625352983;6;0
FAURE;jml;24;60233;1.8259345459900111;219;0
FAURE;jml;25;64273;5.063730424136293;13;0
FAURE;jml;26;72011;8.461380322010669;7;0
FAURE;jml;27;65849;16.17374825128822;271;271
FAURE;jml;28;66800;6.689143832445582;10;0
FAURE;jml;29;71855;10.086309520791625;6;0
FAURE;jml;30;64351;9.476639969775446;9;0
FAURE;jml;31;72401;10.894761521354617;7;0
FAURE;jml;32;64413;4.754339511859741;16;0
FAURE;jml;33;71855;10.756369940224365;5;0
FAURE;jml;34;92181;17.17418878553965;276;273
FAURE;jml;35;61559;1.3114016626328528;141;0
FAURE;jml;36;69702;8.508044024008985;8;0
FAURE;jml;37;59515;1.5675918822237644;90;0
FAURE;jml;38;71028;9.350019706253633;7;0
FAURE;jml;39;73851;17.12571410651979;273;272
FAURE;jml;40;73992;12.203113463071407;4;0
FAURE;jml;41;70763;11.03847530259132;3;0
FAURE;jml;42;62947;1.8739658406592319;68;0
FAURE;jml;43;105769;17.1491001529644;279;278
FAURE;jml;44;90996;17.16208417168196;276;272
FAURE;jml;45;59780;1.4059148695987171;116;0
FAURE;jml;46;62526;2.0473796465569776;122;0
FAURE;jml;47;58626;1.4303082538376657;79;0
FAURE;jml;48;59125;2.266607054301747;138;0
FAURE;jml;49;75521;13.913198392045812;4;2
FAURE;jml;50;89452;17.13163201565562;276;273
FAURE;jml;51;73633;14.265087965282692;4;0
FAURE;jml;52;78219;17.056935987831565;274;271
FAURE;jml;53;61902;1.3544618251888898;197;0
FAURE;jml;54;71200;10.71156542334845;6;3
FAURE;jml;55;82915;17.25911973863856;274;273
FAURE;jml;56;61949;2.7146697207534496;56;0
FAURE;jml;57;64803;10.898216543565491;17;13
FAURE;jml;58;67378;8.940179818224465;5;0
FAURE;jml;59;82338;17.160281040280413;274;273
FAURE;jml;60;107797;17.190282030579695;279;273
FAURE;jml;61;64507;5.245494287807026;11;0
FAURE;jml;62;64023;5.278792184529963;20;0
FAURE;jml;63;61013;1.7822512143479887;101;0
FAURE;jml;64;60997;1.8125056646183406;41;0
FAURE;jml;65;70716;11.931109940730911;4;0
FAURE;jml;66;72401;12.150919312649338;3;0
FAURE;jml;67;61013;1.8957570450627723;30;0
FAURE;jml;68;96533;17.14505367277666;276;273
FAURE;jml;69;63338;4.019949806792453;18;0
FAURE;jml;70;68532;13.883349172040708;3;2
FAURE;jml;71;59343;1.517306642402184;112;0
FAURE;jml;72;70232;10.981143835623733;6;2
FAURE;jml;73;62401;1.4036727174443204;81;0
FAURE;jml;74;61356;1.9614835619272084;37;0
FAURE;jml;75;62199;2.680804758216685;69;0
FAURE;jml;76;68688;11.446785037944375;4;0
FAURE;jml;77;60888;1.4929851429864183;185;0
FAURE;jml;78;62229;1.4477619444789505;81;0
FAURE;jml;79;61574;1.455977960135159;49;0
FAURE;jml;80;61512;1.5508488701071557;106;0
FAURE;jml;81;61107;2.4721451246679433;37;0
FAURE;jml;82;60139;2.1438168325313525;100;0
FAURE;jml;83;60092;1.6680351510242155;168;0
FAURE;jml;84;59546;2.120554509495561;32;0
FAURE;jml;85;59515;1.5470206489675515;260;0
FAURE;jml;86;70654;8.37304433318297;6;0
FAURE;jml;87;71761;10.585783219496776;5;2
FAURE;jml;88;60763;2.3739608358684823;52;0
FAURE;jml;89;68095;10.561489167991002;4;2
FAURE;jml;90;67705;9.184675761483257;6;0
FAURE;jml;91;77783;17.15261944197949;274;273
FAURE;jml;92;61012;1.5645849981633853;81;0
FAURE;jml;93;73774;11.51914700912149;4;0
FAURE;jml;94;61137;1.417546155612949;171;0
FAURE;jml;95;108905;17.243459593410208;280;278
FAURE;jml;96;58564;1.517306642402184;145;0
FAURE;jml;97;66894;9.066073902907325;6;0
FAURE;jml;98;65349;5.49202813040173;21;10
FAURE;jml;99;60794;2.132564730994507;44;0
