tipogerador;nomeinstancia;numerociclo;tempoexecucao;valor;restarts;melhorrestart
FAURE;jodamoney;0;251;2.697139209551552;185;56
FAURE;jodamoney;1;249;2.7488786149911473;177;47
FAURE;jodamoney;2;281;2.697139209551552;158;44
FAURE;jodamoney;3;281;2.721533900881727;188;77
FAURE;jodamoney;4;266;2.697139209551552;167;59
FAURE;jodamoney;5;265;2.748878614991147;179;93
FAURE;jodamoney;6;281;2.721533900881727;176;79
FAURE;jodamoney;7;281;2.697139209551552;193;53
FAURE;jodamoney;8;266;2.697139209551551;181;105
FAURE;jodamoney;9;265;2.7334776616216776;188;38
FAURE;jodamoney;10;266;2.697139209551552;188;38
FAURE;jodamoney;11;265;2.748878614991147;178;52
FAURE;jodamoney;12;297;2.721533900881727;179;130
FAURE;jodamoney;13;281;2.7488786149911473;178;107
FAURE;jodamoney;14;281;2.697139209551552;170;29
FAURE;jodamoney;15;281;2.697139209551552;198;30
FAURE;jodamoney;16;297;2.7488786149911473;168;44
FAURE;jodamoney;17;265;2.697139209551552;190;29
FAURE;jodamoney;18;265;2.697139209551552;169;43
FAURE;jodamoney;19;250;2.697139209551552;178;43
FAURE;jodamoney;20;266;2.6971392095515525;159;79
FAURE;jodamoney;21;297;2.748878614991147;162;128
FAURE;jodamoney;22;249;2.748878614991147;193;81
FAURE;jodamoney;23;265;2.748878614991147;165;69
FAURE;jodamoney;24;267;2.748878614991147;177;90
FAURE;jodamoney;25;249;2.706929419341762;161;45
FAURE;jodamoney;26;281;2.697139209551552;169;43
FAURE;jodamoney;27;265;2.697139209551552;206;38
FAURE;jodamoney;28;298;2.6971392095515525;145;122
FAURE;jodamoney;29;296;2.697139209551552;157;31
FAURE;jodamoney;30;328;2.748878614991147;167;38
FAURE;jodamoney;31;296;2.7488786149911473;160;105
FAURE;jodamoney;32;266;2.7488786149911473;169;148
FAURE;jodamoney;33;312;2.6971392095515516;175;40
FAURE;jodamoney;34;312;2.697139209551552;177;117
FAURE;jodamoney;35;281;2.721533900881727;180;108
FAURE;jodamoney;36;313;2.7488786149911473;194;44
FAURE;jodamoney;37;265;2.748878614991147;179;52
FAURE;jodamoney;38;281;2.697139209551552;181;125
FAURE;jodamoney;39;265;2.697139209551552;180;45
FAURE;jodamoney;40;266;2.721533900881727;167;111
FAURE;jodamoney;41;297;2.7069294193417615;185;61
FAURE;jodamoney;42;281;2.697139209551552;187;165
FAURE;jodamoney;43;296;2.7215339008817274;167;83
FAURE;jodamoney;44;282;2.697139209551552;170;41
FAURE;jodamoney;45;296;2.697139209551552;197;44
FAURE;jodamoney;46;296;2.7488786149911473;166;102
FAURE;jodamoney;47;281;2.748878614991147;181;94
FAURE;jodamoney;48;329;2.748878614991147;178;101
FAURE;jodamoney;49;296;2.697139209551552;150;89
FAURE;jodamoney;50;296;2.697139209551552;166;43
FAURE;jodamoney;51;312;2.721533900881727;184;165
FAURE;jodamoney;52;298;2.721533900881727;182;129
FAURE;jodamoney;53;265;2.697139209551552;164;37
FAURE;jodamoney;54;296;2.7215339008817274;178;168
FAURE;jodamoney;55;328;2.697139209551552;185;35
FAURE;jodamoney;56;282;2.697139209551552;165;37
FAURE;jodamoney;57;265;2.697139209551552;201;112
FAURE;jodamoney;58;281;2.697139209551552;185;42
FAURE;jodamoney;59;327;2.697139209551552;180;167
FAURE;jodamoney;60;282;2.721533900881727;189;94
FAURE;jodamoney;61;297;2.6971392095515516;192;172
FAURE;jodamoney;62;296;2.697139209551552;201;117
FAURE;jodamoney;63;296;2.697139209551552;179;41
FAURE;jodamoney;64;298;2.7215339008817265;170;38
FAURE;jodamoney;65;312;2.697139209551552;177;70
FAURE;jodamoney;66;327;2.6971392095515516;168;145
FAURE;jodamoney;67;297;2.7215339008817274;169;143
FAURE;jodamoney;68;282;2.7488786149911473;179;176
FAURE;jodamoney;69;312;2.748878614991147;187;41
FAURE;jodamoney;70;312;2.706929419341762;174;83
FAURE;jodamoney;71;280;2.706929419341762;173;167
FAURE;jodamoney;72;298;2.697139209551552;186;43
FAURE;jodamoney;73;296;2.697139209551552;190;31
FAURE;jodamoney;74;281;2.6971392095515525;178;120
FAURE;jodamoney;75;250;2.697139209551552;165;43
FAURE;jodamoney;76;281;2.697139209551552;147;29
FAURE;jodamoney;77;312;2.733477661621678;182;127
FAURE;jodamoney;78;281;2.7488786149911473;174;47
FAURE;jodamoney;79;281;2.748878614991147;158;87
FAURE;jodamoney;80;297;2.697139209551552;187;59
FAURE;jodamoney;81;297;2.748878614991147;161;29
FAURE;jodamoney;82;281;2.697139209551552;197;69
FAURE;jodamoney;83;265;2.7488786149911473;186;70
FAURE;jodamoney;84;313;2.748878614991147;149;67
FAURE;jodamoney;85;281;2.697139209551552;198;36
FAURE;jodamoney;86;327;2.7488786149911473;178;44
FAURE;jodamoney;87;281;2.7215339008817265;179;93
FAURE;jodamoney;88;297;2.7488786149911473;167;116
FAURE;jodamoney;89;281;2.7488786149911473;174;85
FAURE;jodamoney;90;297;2.697139209551552;173;43
FAURE;jodamoney;91;312;2.721533900881727;174;85
FAURE;jodamoney;92;266;2.7488786149911473;154;141
FAURE;jodamoney;93;265;2.697139209551552;176;43
FAURE;jodamoney;94;296;2.7215339008817265;178;89
FAURE;jodamoney;95;297;2.748878614991147;164;42
FAURE;jodamoney;96;282;2.7215339008817274;174;43
FAURE;jodamoney;97;297;2.697139209551552;186;74
FAURE;jodamoney;98;280;2.697139209551552;152;36
FAURE;jodamoney;99;266;2.7488786149911473;186;183
