tipogerador;nomeinstancia;numerociclo;tempoexecucao;valor;restarts;melhorrestart
FAURE;jpassword269;0;58532;2.846579966921177;92;0
FAURE;jpassword269;1;101448;27.480583501386445;280;271
FAURE;jpassword269;2;100762;27.52509350748602;278;270
FAURE;jpassword269;3;55397;2.0829525656016497;75;0
FAURE;jpassword269;4;56051;2.211675886072643;201;61
FAURE;jpassword269;5;55475;1.7474598903836571;68;0
FAURE;jpassword269;6;103897;27.42648827546782;280;275
FAURE;jpassword269;7;96222;27.426459418462734;278;273
FAURE;jpassword269;8;96378;27.537163572602267;277;274
FAURE;jpassword269;9;94569;27.46427988297482;277;269
FAURE;jpassword269;10;55240;2.409714328822345;62;0
FAURE;jpassword269;11;53509;1.999465322045967;83;0
FAURE;jpassword269;12;73586;21.7596823688066;3;0
FAURE;jpassword269;13;69578;21.65815356669808;4;0
FAURE;jpassword269;14;69499;16.558275452782812;4;0
FAURE;jpassword269;15;80606;27.440632050654006;275;272
FAURE;jpassword269;16;92353;27.519001989939063;276;269
FAURE;jpassword269;17;98640;27.493752014268164;277;274
FAURE;jpassword269;18;56364;1.737605218855219;81;0
FAURE;jpassword269;19;65490;14.430449755701975;7;2
FAURE;jpassword269;20;100574;27.534375020071895;278;274
FAURE;jpassword269;21;71933;18.034439406731444;4;0
FAURE;jpassword269;22;99482;27.546421319442842;277;270
FAURE;jpassword269;23;96472;27.45869656388929;277;271
FAURE;jpassword269;24;57503;2.1578035128188087;78;0
FAURE;jpassword269;25;89342;27.370989899097736;276;270
FAURE;jpassword269;26;85099;27.456708319965536;275;272
FAURE;jpassword269;27;72261;15.360919027002252;7;0
FAURE;jpassword269;28;56441;1.934913652655588;83;0
FAURE;jpassword269;29;98968;27.578400866393288;278;276
FAURE;jpassword269;30;99950;27.480278143419458;278;275
FAURE;jpassword269;31;55600;1.7397076138147567;205;0
FAURE;jpassword269;32;73399;18.901313241576165;4;3
FAURE;jpassword269;33;66098;14.476311919442114;5;0
FAURE;jpassword269;34;68236;17.790352123899;4;0
FAURE;jpassword269;35;56411;1.515221931753738;131;0
FAURE;jpassword269;36;58937;5.8730859212123345;26;2
FAURE;jpassword269;37;89998;27.26405744173038;275;270
FAURE;jpassword269;38;70435;19.17129563317787;5;0
FAURE;jpassword269;39;56770;2.0823959624107165;48;0
FAURE;jpassword269;40;92524;27.367955728183397;276;272
FAURE;jpassword269;41;100419;27.528615270331418;279;275
FAURE;jpassword269;42;95317;27.50758440044347;277;270
FAURE;jpassword269;43;69561;16.76868531955734;4;0
FAURE;jpassword269;44;85568;27.581043457242245;275;270
FAURE;jpassword269;45;73711;19.68186917156188;4;0
FAURE;jpassword269;46;58626;19.54816992243813;269;269
FAURE;jpassword269;47;60560;6.8761484059315405;19;0
FAURE;jpassword269;48;93289;27.581715161022657;277;270
FAURE;jpassword269;49;102836;27.554714485534728;278;269
FAURE;jpassword269;50;67362;20.80099923900314;6;2
FAURE;jpassword269;51;56692;1.5464987255818232;53;0
FAURE;jpassword269;52;66972;16.833698422525746;4;0
FAURE;jpassword269;53;54788;2.3039953455512614;96;0
FAURE;jpassword269;54;70123;19.61436090068899;3;0
FAURE;jpassword269;55;94615;27.52073725768344;277;271
FAURE;jpassword269;56;94803;27.549524687038435;277;272
FAURE;jpassword269;57;55911;2.102712118206167;90;0
FAURE;jpassword269;58;104865;27.43843788924154;280;269
FAURE;jpassword269;59;69390;20.701595061649847;7;3
FAURE;jpassword269;60;79217;27.61602737190204;274;270
FAURE;jpassword269;61;54617;1.5391513589564898;242;0
FAURE;jpassword269;62;105847;27.564540840170345;280;277
FAURE;jpassword269;63;100419;27.52035257883427;278;275
FAURE;jpassword269;64;66566;18.61203638045725;4;0
FAURE;jpassword269;65;69359;17.490333247194098;5;0
FAURE;jpassword269;66;71387;19.28264181828093;4;0
FAURE;jpassword269;67;92805;27.467252702407464;276;274
FAURE;jpassword269;68;92759;27.48625993158853;276;270
FAURE;jpassword269;69;58298;5.94872341139776;23;0
FAURE;jpassword269;70;86301;27.510002309692553;276;270
FAURE;jpassword269;71;56083;2.4722520861219492;72;0
FAURE;jpassword269;72;104973;27.50073625572185;280;270
FAURE;jpassword269;73;98968;27.513352907705897;278;271
FAURE;jpassword269;74;99201;27.427094274023258;277;269
FAURE;jpassword269;75;66629;14.964783759165705;5;0
FAURE;jpassword269;76;72744;18.208996006561307;4;3
FAURE;jpassword269;77;55475;2.327000611158542;199;0
FAURE;jpassword269;78;94989;27.62296771422802;277;275
FAURE;jpassword269;79;71169;18.282391010442428;5;0
FAURE;jpassword269;80;101292;27.57484936351687;278;271
FAURE;jpassword269;81;76363;21.996939217084876;3;0
FAURE;jpassword269;82;66238;17.394353611457863;5;0
FAURE;jpassword269;83;55662;1.5645467393498889;177;0
FAURE;jpassword269;84;56021;1.737565908660736;97;0
FAURE;jpassword269;85;73789;27.365937673760182;273;271
FAURE;jpassword269;86;54882;1.6282404853833425;222;0
FAURE;jpassword269;87;58049;3.9448204044690374;33;0
FAURE;jpassword269;88;94755;27.481002951648605;276;275
FAURE;jpassword269;89;73228;20.030521616825297;3;0
FAURE;jpassword269;90;53977;1.5645467393498889;204;0
FAURE;jpassword269;91;103257;27.333655555262567;278;270
FAURE;jpassword269;92;56255;1.737605218855219;95;0
FAURE;jpassword269;93;68002;18.77330766588682;5;4
FAURE;jpassword269;94;55475;2.2627902197682896;69;0
FAURE;jpassword269;95;85692;27.38804501824721;274;269
FAURE;jpassword269;96;72681;14.601389103271424;5;0
FAURE;jpassword269;97;75412;21.036867784694472;4;0
FAURE;jpassword269;98;67097;11.565670486982933;6;0
FAURE;jpassword269;99;55802;2.106695521017772;128;0
