tipogerador;nomeinstancia;numerociclo;tempoexecucao;valor;restarts;melhorrestart
FAURE;jpassword96;0;5947;10.22346424280964;129;123
FAURE;jpassword96;1;6196;10.213637342984876;129;120
FAURE;jpassword96;2;5853;10.099421578933395;125;99
FAURE;jpassword96;3;4088;4.479201587657119;24;22
FAURE;jpassword96;4;5991;10.130851126959374;130;108
FAURE;jpassword96;5;6163;10.240256643833124;134;100
FAURE;jpassword96;6;6132;10.21194773091719;132;101
FAURE;jpassword96;7;5884;10.177626386850083;124;106
FAURE;jpassword96;8;5838;10.112353131698532;137;125
FAURE;jpassword96;9;3839;2.9310067857141466;56;0
FAURE;jpassword96;10;5695;10.234644003101954;121;97
FAURE;jpassword96;11;6413;10.134282375253605;134;132
FAURE;jpassword96;12;3591;1.6785270706234328;84;0
FAURE;jpassword96;13;5711;10.280771370109965;125;107
FAURE;jpassword96;14;5541;10.224916701907299;125;102
FAURE;jpassword96;15;5461;10.124741693938853;121;99
FAURE;jpassword96;16;5650;10.12110832540985;129;99
FAURE;jpassword96;17;6007;10.16664139136191;132;108
FAURE;jpassword96;18;5088;10.155899254657209;117;105
FAURE;jpassword96;19;6274;10.162434410578939;132;100
FAURE;jpassword96;20;3714;2.5617465897307983;92;73
FAURE;jpassword96;21;5603;10.122440619951474;123;106
FAURE;jpassword96;22;5991;10.172454323251893;130;128
FAURE;jpassword96;23;4137;10.023650495500695;105;100
FAURE;jpassword96;24;5773;10.197299177814244;124;120
FAURE;jpassword96;25;5134;10.124741693938851;123;102
FAURE;jpassword96;26;3544;1.9222767794256734;88;0
FAURE;jpassword96;27;3544;1.6785270706234328;96;0
FAURE;jpassword96;28;3995;10.128058917677295;103;98
FAURE;jpassword96;29;6132;10.135333075731106;133;119
FAURE;jpassword96;30;3636;1.6895577395577397;82;0
FAURE;jpassword96;31;6241;10.223107071251597;129;126
FAURE;jpassword96;32;5541;10.173121865538839;128;106
FAURE;jpassword96;33;4322;4.202706014156083;31;0
FAURE;jpassword96;34;6163;10.191303095899773;131;102
FAURE;jpassword96;35;4402;10.162434410578935;109;106
FAURE;jpassword96;36;5648;10.201422622720623;124;98
FAURE;jpassword96;37;5306;10.164710706807385;122;117
FAURE;jpassword96;38;5666;10.224457724764939;127;110
FAURE;jpassword96;39;4137;4.050884305939939;54;0
FAURE;jpassword96;40;5445;10.039692196284312;123;104
FAURE;jpassword96;41;3357;2.4402877139921286;82;0
FAURE;jpassword96;42;5728;10.220098709437307;124;115
FAURE;jpassword96;43;3982;4.384687898632911;30;9
FAURE;jpassword96;44;4588;10.135897458348444;109;97
FAURE;jpassword96;45;3638;1.6785270706234328;89;0
FAURE;jpassword96;46;6256;10.218416948932017;134;110
FAURE;jpassword96;47;4963;10.112183444734644;113;106
FAURE;jpassword96;48;4213;10.12307884125221;102;101
FAURE;jpassword96;49;3980;10.2841369034823;103;99
FAURE;jpassword96;50;5664;10.213637342984878;121;103
FAURE;jpassword96;51;6303;10.074660415058448;134;107
FAURE;jpassword96;52;5555;10.128948674721826;126;114
FAURE;jpassword96;53;5102;10.110461543758763;113;100
FAURE;jpassword96;54;4059;3.695105846534418;36;0
FAURE;jpassword96;55;3700;2.4010949677343962;59;0
FAURE;jpassword96;56;4730;10.15271372191088;111;106
FAURE;jpassword96;57;5196;10.14355772905002;117;106
FAURE;jpassword96;58;3901;2.760853214960197;35;0
FAURE;jpassword96;59;5259;10.124741693938851;122;113
FAURE;jpassword96;60;3810;4.4138944276909955;33;0
FAURE;jpassword96;61;6009;10.242495731526931;130;101
FAURE;jpassword96;62;5307;10.225326415724444;120;115
FAURE;jpassword96;63;6116;10.096906752612881;131;121
FAURE;jpassword96;64;6071;10.231956179348847;133;122
FAURE;jpassword96;65;6132;10.223107071251599;132;106
FAURE;jpassword96;66;3684;2.0662833458768644;84;60
FAURE;jpassword96;67;5868;10.198681730033552;124;120
FAURE;jpassword96;68;3919;9.590303979905823;97;97
FAURE;jpassword96;69;3963;10.10362392282108;100;98
FAURE;jpassword96;70;6148;10.112353131698528;129;111
FAURE;jpassword96;71;5414;10.20642110164205;120;111
FAURE;jpassword96;72;6476;10.234607988400747;133;107
FAURE;jpassword96;73;5991;10.084317714832782;134;103
FAURE;jpassword96;74;4884;10.166641391361908;113;104
FAURE;jpassword96;75;5167;10.162434410578939;118;112
FAURE;jpassword96;76;3807;2.108840825026644;84;0
FAURE;jpassword96;77;5822;10.213386382583542;128;109
FAURE;jpassword96;78;4853;10.022112363482762;110;103
FAURE;jpassword96;79;3871;2.025202007993247;58;0
FAURE;jpassword96;80;4495;6.397995125466191;23;15
FAURE;jpassword96;81;3745;2.4030814919929293;68;0
FAURE;jpassword96;82;5430;10.144622893784017;122;110
FAURE;jpassword96;83;6259;10.16355606410447;129;120
FAURE;jpassword96;84;5195;10.264945945400711;118;108
FAURE;jpassword96;85;5680;10.113118769710885;127;113
FAURE;jpassword96;86;5448;10.156618741073983;123;111
FAURE;jpassword96;87;5446;10.239552185833361;122;97
FAURE;jpassword96;88;3763;2.211632502987407;78;0
FAURE;jpassword96;89;4088;10.199201997118825;101;99
FAURE;jpassword96;90;3451;1.6785270706234328;73;0
FAURE;jpassword96;91;5026;10.167889501564844;116;104
FAURE;jpassword96;92;5789;10.173479037096882;126;110
FAURE;jpassword96;93;3682;1.6785270706234328;93;0
FAURE;jpassword96;94;6538;10.278643441117909;132;113
FAURE;jpassword96;95;3776;1.9883098822677967;77;0
FAURE;jpassword96;96;6165;10.152964682312216;129;109
FAURE;jpassword96;97;3839;2.6079779000837044;67;0
FAURE;jpassword96;98;4028;2.219658039945362;77;0
FAURE;jpassword96;99;5726;10.18172451249213;119;114
