tipogerador;nomeinstancia;numerociclo;tempoexecucao;valor;restarts;melhorrestart
FAURE;jscatterplot;0;2685;10.68714245443118;124;90
FAURE;jscatterplot;1;2684;10.679819203231984;138;125
FAURE;jscatterplot;2;2513;10.739765665877922;123;122
FAURE;jscatterplot;3;1920;3.5711479473823653;68;0
FAURE;jscatterplot;4;2871;10.659226244468933;138;88
FAURE;jscatterplot;5;2874;10.62504545415083;137;112
FAURE;jscatterplot;6;2483;10.679819203231984;115;100
FAURE;jscatterplot;7;2482;10.677668665597572;120;87
FAURE;jscatterplot;8;2499;10.612398395327304;118;94
FAURE;jscatterplot;9;2655;10.627195991785243;121;101
FAURE;jscatterplot;10;2562;10.677668665597574;121;117
FAURE;jscatterplot;11;2716;10.739765665877924;134;91
FAURE;jscatterplot;12;2731;10.67449539560765;128;79
FAURE;jscatterplot;13;2640;10.689292992065587;124;117
FAURE;jscatterplot;14;2452;10.739765665877924;116;92
FAURE;jscatterplot;15;2762;10.679819203231984;123;98
FAURE;jscatterplot;16;2544;10.627195991785243;124;99
FAURE;jscatterplot;17;2715;10.679819203231983;125;93
FAURE;jscatterplot;18;2499;10.614548932961714;119;100
FAURE;jscatterplot;19;2840;10.679819203231983;125;84
FAURE;jscatterplot;20;2668;10.679819203231983;131;80
FAURE;jscatterplot;21;2468;10.739765665877922;109;105
FAURE;jscatterplot;22;1889;10.625045454150833;82;79
FAURE;jscatterplot;23;2279;10.67449539560765;114;91
FAURE;jscatterplot;24;2591;10.739765665877922;124;88
FAURE;jscatterplot;25;2702;10.677668665597574;125;97
FAURE;jscatterplot;26;2622;10.679819203231984;120;103
FAURE;jscatterplot;27;2717;10.663890831201247;127;102
FAURE;jscatterplot;28;2873;10.677668665597574;132;100
FAURE;jscatterplot;29;2280;10.687142454431179;113;79
FAURE;jscatterplot;30;2653;10.677668665597574;126;98
FAURE;jscatterplot;31;2670;10.612398395327304;123;105
FAURE;jscatterplot;32;2593;10.625045454150834;128;100
FAURE;jscatterplot;33;2716;10.679819203231983;131;93
FAURE;jscatterplot;34;2670;10.612398395327306;133;127
FAURE;jscatterplot;35;2684;10.689292992065587;132;116
FAURE;jscatterplot;36;2731;10.677668665597574;128;90
FAURE;jscatterplot;37;2686;10.677668665597576;128;106
FAURE;jscatterplot;38;2622;10.677668665597574;124;84
FAURE;jscatterplot;39;2513;10.677668665597574;117;97
FAURE;jscatterplot;40;2793;10.6563859956113;135;117
FAURE;jscatterplot;41;2873;10.677668665597572;130;117
FAURE;jscatterplot;42;2687;10.68714245443118;126;88
FAURE;jscatterplot;43;2278;10.677668665597572;111;86
FAURE;jscatterplot;44;2763;10.625045454150833;129;125
FAURE;jscatterplot;45;2343;10.612398395327306;111;100
FAURE;jscatterplot;46;2685;10.679819203231984;124;100
FAURE;jscatterplot;47;2590;10.679819203231983;122;85
FAURE;jscatterplot;48;2810;10.68714245443118;128;123
FAURE;jscatterplot;49;2296;10.66939989682396;101;97
FAURE;jscatterplot;50;2390;10.627195991785243;116;105
FAURE;jscatterplot;51;2465;10.67766866559757;116;80
FAURE;jscatterplot;52;2796;10.677668665597576;129;92
FAURE;jscatterplot;53;2857;10.739765665877922;137;110
FAURE;jscatterplot;54;2451;10.677668665597576;121;103
FAURE;jscatterplot;55;2716;10.68929299206559;132;105
FAURE;jscatterplot;56;2560;10.625045454150833;128;86
FAURE;jscatterplot;57;2608;10.739765665877918;121;111
FAURE;jscatterplot;58;3043;10.741916203512332;141;97
FAURE;jscatterplot;59;2325;10.625045454150834;108;98
FAURE;jscatterplot;60;2717;10.612398395327306;123;103
FAURE;jscatterplot;61;2528;10.677668665597574;121;118
FAURE;jscatterplot;62;2747;10.677668665597574;137;84
FAURE;jscatterplot;63;2810;10.68714245443118;131;82
FAURE;jscatterplot;64;2281;10.627195991785243;99;91
FAURE;jscatterplot;65;2513;10.677668665597574;116;105
FAURE;jscatterplot;66;2684;10.62504545415083;130;117
FAURE;jscatterplot;67;2639;10.677668665597574;122;109
FAURE;jscatterplot;68;2904;10.677668665597574;138;79
FAURE;jscatterplot;69;2778;10.661376782103341;136;87
FAURE;jscatterplot;70;2374;10.625045454150833;111;106
FAURE;jscatterplot;71;2826;10.677706539302664;125;79
FAURE;jscatterplot;72;2639;10.614548932961712;122;82
FAURE;jscatterplot;73;2326;10.677668665597572;95;79
FAURE;jscatterplot;74;2653;10.674495395607652;126;103
FAURE;jscatterplot;75;2514;10.612398395327306;123;80
FAURE;jscatterplot;76;2513;10.679819203231983;119;82
FAURE;jscatterplot;77;2699;10.679819203231983;121;82
FAURE;jscatterplot;78;2733;10.73976566587792;137;111
FAURE;jscatterplot;79;2765;10.73976566587792;137;110
FAURE;jscatterplot;80;2699;10.689292992065589;123;102
FAURE;jscatterplot;81;2796;10.62719599178524;130;83
FAURE;jscatterplot;82;2575;10.62719599178524;122;90
FAURE;jscatterplot;83;2841;10.679819203231984;129;104
FAURE;jscatterplot;84;2778;10.614548932961712;131;124
FAURE;jscatterplot;85;2481;10.689292992065589;113;79
FAURE;jscatterplot;86;2560;10.627195991785243;126;86
FAURE;jscatterplot;87;2871;10.67346411506024;132;79
FAURE;jscatterplot;88;2778;10.614548932961714;127;82
FAURE;jscatterplot;89;2639;10.63997158608384;128;118
FAURE;jscatterplot;90;2655;10.677668665597574;126;125
FAURE;jscatterplot;91;2793;10.677668665597574;127;111
FAURE;jscatterplot;92;2622;10.677668665597572;127;115
FAURE;jscatterplot;93;2544;10.689292992065589;122;92
FAURE;jscatterplot;94;2606;10.677668665597574;137;84
FAURE;jscatterplot;95;2637;10.625045454150833;128;91
FAURE;jscatterplot;96;2450;10.615609539022318;118;80
FAURE;jscatterplot;97;2653;10.627195991785243;124;102
FAURE;jscatterplot;98;2966;10.677668665597574;136;95
FAURE;jscatterplot;99;2827;10.676645933242062;132;100
