tipogerador;nomeinstancia;numerociclo;tempoexecucao;valor;restarts;melhorrestart
FAURE;jung_model;0;24633;2.1749918661337553;140;0
FAURE;jung_model;1;24665;1.7938461538461539;117;0
FAURE;jung_model;2;27675;10.46072529012477;13;0
FAURE;jung_model;3;35320;30.787684987475085;220;214
FAURE;jung_model;4;25210;2.2957957240398805;93;0
FAURE;jung_model;5;28253;30.794345186410006;214;212
FAURE;jung_model;6;34649;30.738520665713953;219;217
FAURE;jung_model;7;37846;30.821991022377304;221;217
FAURE;jung_model;8;48049;31.022212715488042;230;220
FAURE;jung_model;9;31123;30.77586705083156;217;212
FAURE;jung_model;10;32371;30.709552411745697;217;216
FAURE;jung_model;11;48128;31.362100851813082;229;215
FAURE;jung_model;12;47768;30.815503894294725;229;222
FAURE;jung_model;13;44866;30.912724411978967;228;213
FAURE;jung_model;14;43916;30.933397115608095;227;221
FAURE;jung_model;15;27363;30.649437037468605;213;211
FAURE;jung_model;16;41747;30.800588826311532;225;211
FAURE;jung_model;17;31060;30.660537961877598;216;213
FAURE;jung_model;18;26365;6.797315358302178;39;0
FAURE;jung_model;19;39454;30.943283851688342;224;219
FAURE;jung_model;20;38595;30.809663787567132;222;215
FAURE;jung_model;21;27520;7.762441575586474;40;0
FAURE;jung_model;22;24914;2.8781674208144796;156;0
FAURE;jung_model;23;24540;1.5795157875043582;172;0
FAURE;jung_model;24;25507;4.218676239796057;31;0
FAURE;jung_model;25;45257;30.987876623393962;227;221
FAURE;jung_model;26;24711;1.5584205353529514;136;0
FAURE;jung_model;27;47550;31.173781454003535;231;219
FAURE;jung_model;28;25008;3.54585324704416;48;0
FAURE;jung_model;29;25273;4.84061667193554;25;0
FAURE;jung_model;30;31794;30.660466367580714;216;212
FAURE;jung_model;31;24415;1.5795157875043582;176;0
FAURE;jung_model;32;36801;31.056100232360908;220;219
FAURE;jung_model;33;24946;5.313562558257702;39;0
FAURE;jung_model;34;33977;22.163712286277484;5;3
FAURE;jung_model;35;31872;18.219305769393;4;2
FAURE;jung_model;36;38861;30.920065302958303;222;219
FAURE;jung_model;37;42324;31.35556169411013;225;221
FAURE;jung_model;38;39843;31.03604418794336;221;219
FAURE;jung_model;39;45600;30.978731088819117;228;221
FAURE;jung_model;40;40171;30.90592707218775;224;222
FAURE;jung_model;41;41373;30.914888373198576;225;221
FAURE;jung_model;42;24805;2.6359977831275607;70;0
FAURE;jung_model;43;41060;31.05064202145373;223;220
FAURE;jung_model;44;25414;2.870433420236186;75;0
FAURE;jung_model;45;25335;3.1872151993037043;54;0
FAURE;jung_model;46;46567;30.885316033962052;230;221
FAURE;jung_model;47;48720;31.041877520668358;230;220
FAURE;jung_model;48;48829;31.269549691221503;231;220
FAURE;jung_model;49;30484;30.71463748770212;216;211
FAURE;jung_model;50;25320;4.37237094165854;72;0
FAURE;jung_model;51;25164;3.657036374478235;51;0
FAURE;jung_model;52;45225;31.04010862078724;227;221
FAURE;jung_model;53;35335;30.72043830022773;220;219
FAURE;jung_model;54;24805;2.4422477161972607;113;0
FAURE;jung_model;55;30452;16.394276781556655;7;0
FAURE;jung_model;56;41310;30.976537345783818;225;221
FAURE;jung_model;57;47675;30.755633573257025;230;225
FAURE;jung_model;58;45725;30.974995262102524;228;220
FAURE;jung_model;59;37222;30.91427734648832;221;219
FAURE;jung_model;60;24509;2.0716048924824237;96;0
FAURE;jung_model;61;23666;2.3969564219130275;148;0
FAURE;jung_model;62;36568;30.714208472273103;221;212
FAURE;jung_model;63;36848;30.70998897577672;220;213
FAURE;jung_model;64;38018;31.03846736872879;222;219
FAURE;jung_model;65;43837;30.98388538871026;226;219
FAURE;jung_model;66;27941;30.75457632029903;213;212
FAURE;jung_model;67;24134;3.6127906457803367;122;82
FAURE;jung_model;68;24774;1.748134328358209;106;0
FAURE;jung_model;69;36989;31.171855956429578;221;219
FAURE;jung_model;70;26801;9.471228627327145;31;0
FAURE;jung_model;71;46193;30.91480865623982;228;220
FAURE;jung_model;72;40951;30.76965529844614;224;212
FAURE;jung_model;73;25710;3.300383936451898;76;0
FAURE;jung_model;74;25304;1.5583215123926444;110;0
FAURE;jung_model;75;28752;30.744712534274242;214;213
FAURE;jung_model;76;42106;31.035775803705636;223;220
FAURE;jung_model;77;42402;30.94722911263548;224;222
FAURE;jung_model;78;37066;31.023117278795905;220;219
FAURE;jung_model;79;46832;30.97328396284567;231;221
FAURE;jung_model;80;43838;31.08433426234276;226;217
FAURE;jung_model;81;24212;2.2297512635536414;64;0
FAURE;jung_model;82;46520;31.02167177386506;229;220
FAURE;jung_model;83;27286;8.993436859536367;15;0
FAURE;jung_model;84;29999;30.74719269300441;216;212
FAURE;jung_model;85;48205;30.95358990899617;229;219
FAURE;jung_model;86;48362;31.44824582608821;230;222
FAURE;jung_model;87;39796;30.979372742454764;224;220
FAURE;jung_model;88;25429;3.086062567610887;60;58
FAURE;jung_model;89;29033;30.838637833795662;215;213
FAURE;jung_model;90;47113;30.706745569465173;230;226
FAURE;jung_model;91;43962;30.8508754453491;227;217
FAURE;jung_model;92;40296;30.78103546086033;224;221
FAURE;jung_model;93;29407;30.779703844163137;215;214
FAURE;jung_model;94;24274;2.4032782522916007;55;0
FAURE;jung_model;95;32933;18.924952314827145;4;0
FAURE;jung_model;96;45803;31.037146019118723;227;221
FAURE;jung_model;97;24025;1.7605442461229779;164;0
FAURE;jung_model;98;44773;30.983390196481324;228;221
FAURE;jung_model;99;23822;1.612114714553739;127;0
