tipogerador;nomeinstancia;numerociclo;tempoexecucao;valor;restarts;melhorrestart
FAURE;jung_visualization;0;32434;4.242008860797697;29;0
FAURE;jung_visualization;1;36692;8.81253674772698;11;0
FAURE;jung_visualization;2;41918;20.489079408028548;230;224
FAURE;jung_visualization;3;35881;20.155996352699123;226;224
FAURE;jung_visualization;4;50951;20.575659180749877;235;224
FAURE;jung_visualization;5;32246;4.798485283948162;44;0
FAURE;jung_visualization;6;33479;10.46904270272483;11;9
FAURE;jung_visualization;7;50842;20.411452504855358;235;229
FAURE;jung_visualization;8;38065;12.568320181137205;6;0
FAURE;jung_visualization;9;52947;20.451369354057178;235;223
FAURE;jung_visualization;10;37613;11.584494109291617;8;0
FAURE;jung_visualization;11;38268;9.569152531161036;10;0
FAURE;jung_visualization;12;34523;8.611988851039424;14;0
FAURE;jung_visualization;13;50873;20.53011369731201;234;229
FAURE;jung_visualization;14;32090;1.7219237117183201;130;0
FAURE;jung_visualization;15;31888;1.8468328648294368;85;0
FAURE;jung_visualization;16;31934;1.7219237117183201;117;0
FAURE;jung_visualization;17;30530;2.039428278923632;115;0
FAURE;jung_visualization;18;32231;1.7083095283438077;149;0
FAURE;jung_visualization;19;37504;20.29524872284306;226;224
FAURE;jung_visualization;20;31060;2.2888151539333865;128;0
FAURE;jung_visualization;21;34789;6.811417247766126;17;0
FAURE;jung_visualization;22;35101;6.846806000767066;15;0
FAURE;jung_visualization;23;31295;1.7219237117183201;101;0
FAURE;jung_visualization;24;35849;20.247481863218457;226;225
FAURE;jung_visualization;25;31685;1.8310655990214002;168;146
FAURE;jung_visualization;26;39126;20.24938051451376;227;224
FAURE;jung_visualization;27;32075;3.640746216376872;61;0
FAURE;jung_visualization;28;38720;10.714529380946521;8;0
FAURE;jung_visualization;29;30093;3.061719244259041;125;23
FAURE;jung_visualization;30;32590;1.5602739316367116;49;0
FAURE;jung_visualization;31;34040;4.786185491607923;17;0
FAURE;jung_visualization;32;51918;20.45152814778651;236;224
FAURE;jung_visualization;33;34446;9.533984460175269;17;0
FAURE;jung_visualization;34;51387;20.433860695823757;235;224
FAURE;jung_visualization;35;33822;20.18003185944694;224;223
FAURE;jung_visualization;36;32558;3.081373835601031;88;0
FAURE;jung_visualization;37;31638;3.6991002563323265;52;0
FAURE;jung_visualization;38;34321;5.932164306018;26;0
FAURE;jung_visualization;39;50685;20.3618728800895;236;229
FAURE;jung_visualization;40;34977;5.846810275372294;26;0
FAURE;jung_visualization;41;54601;20.269605287758054;239;230
FAURE;jung_visualization;42;36318;12.495196064405738;7;2
FAURE;jung_visualization;43;32355;2.457901588042002;55;0
FAURE;jung_visualization;44;48346;20.371106916051176;233;224
FAURE;jung_visualization;45;38096;13.517285678591934;6;0
FAURE;jung_visualization;46;32932;4.7523969264284105;14;0
FAURE;jung_visualization;47;31248;1.709334259044974;87;0
FAURE;jung_visualization;48;31139;1.7219237117183201;152;0
FAURE;jung_visualization;49;33479;2.657499408872121;37;0
FAURE;jung_visualization;50;30358;2.0869723993334275;83;0
FAURE;jung_visualization;51;56130;20.36133307802048;238;229
FAURE;jung_visualization;52;31030;1.7060610906764753;196;0
FAURE;jung_visualization;53;44695;20.368890852856303;231;225
FAURE;jung_visualization;54;32901;4.734838268278577;26;0
FAURE;jung_visualization;55;52198;20.728768049098427;235;230
FAURE;jung_visualization;56;31482;2.0965669988193203;57;0
FAURE;jung_visualization;57;54009;20.55954285956739;238;224
FAURE;jung_visualization;58;38143;10.748200533085278;13;7
FAURE;jung_visualization;59;57658;20.443943836914567;239;230
FAURE;jung_visualization;60;37956;11.615353529031548;9;0
FAURE;jung_visualization;61;54617;20.7844584865232;238;223
FAURE;jung_visualization;62;54507;20.201453013499115;237;225
FAURE;jung_visualization;63;31872;2.4005847953216373;149;0
FAURE;jung_visualization;64;32184;2.1194158251080886;75;0
FAURE;jung_visualization;65;40109;13.255852275259;8;0
FAURE;jung_visualization;66;32371;19.998841323677347;223;223
FAURE;jung_visualization;67;47924;20.302838152975;233;224
FAURE;jung_visualization;68;34025;7.255515310499984;10;0
FAURE;jung_visualization;69;31185;1.71640795286867;97;0
FAURE;jung_visualization;70;31685;1.6950814885597494;221;0
FAURE;jung_visualization;71;31513;1.595850993653658;113;0
FAURE;jung_visualization;72;32418;1.5555107716491001;54;0
FAURE;jung_visualization;73;31903;1.7083095283438077;94;0
FAURE;jung_visualization;74;54866;20.43309934864107;239;224
FAURE;jung_visualization;75;31622;3.385514768172993;28;0
FAURE;jung_visualization;76;32496;2.3903550666027242;91;0
FAURE;jung_visualization;77;44415;20.292630487850293;231;230
FAURE;jung_visualization;78;36302;20.306036601362187;226;224
FAURE;jung_visualization;79;33837;5.624277313816311;26;0
FAURE;jung_visualization;80;44711;20.481822338770282;230;229
FAURE;jung_visualization;81;33229;4.6480120137447;37;0
FAURE;jung_visualization;82;47846;20.416873751170296;232;229
FAURE;jung_visualization;83;33105;4.3688987400197;21;0
FAURE;jung_visualization;84;54928;20.8540615300839;238;224
FAURE;jung_visualization;85;38159;20.24691443943551;227;223
FAURE;jung_visualization;86;34867;8.989769141739478;8;0
FAURE;jung_visualization;87;31576;2.113856161603382;131;0
FAURE;jung_visualization;88;32573;1.5530310925829425;105;0
FAURE;jung_visualization;89;35148;6.077544793521607;16;0
FAURE;jung_visualization;90;47597;20.50011003445258;233;224
FAURE;jung_visualization;91;31700;2.109919132397104;62;0
FAURE;jung_visualization;92;38112;20.250464427951453;227;224
FAURE;jung_visualization;93;35553;11.685432341184734;11;0
FAURE;jung_visualization;94;35133;10.063585729933255;10;0
FAURE;jung_visualization;95;31154;1.7083095283438077;159;0
FAURE;jung_visualization;96;33728;5.59026425671145;27;0
FAURE;jung_visualization;97;47519;20.675647065056513;233;229
FAURE;jung_visualization;98;30749;1.558208843694151;53;0
FAURE;jung_visualization;99;37862;13.925364073883518;6;0
