tipogerador;nomeinstancia;numerociclo;tempoexecucao;valor;restarts;melhorrestart
FAURE;junit;0;3574;2.079319569749636;94;0
FAURE;junit;1;5276;11.004447487294584;131;101
FAURE;junit;2;5821;11.090088512935608;139;119
FAURE;junit;3;5666;11.090088512935608;137;130
FAURE;junit;4;5383;11.084044039518252;140;129
FAURE;junit;5;5663;11.077656500503597;141;108
FAURE;junit;6;5463;11.004447487294584;144;102
FAURE;junit;7;5103;11.004447487294586;131;105
FAURE;junit;8;5166;10.997620980468078;130;101
FAURE;junit;9;5775;11.089599595073812;140;105
FAURE;junit;10;5836;11.090088512935608;142;106
FAURE;junit;11;5104;11.004447487294586;136;105
FAURE;junit;12;6008;11.004447487294584;140;102
FAURE;junit;13;4496;10.997620980468078;119;101
FAURE;junit;14;5120;11.09008851293561;131;104
FAURE;junit;15;5775;11.08959959507381;138;106
FAURE;junit;16;3823;10.895719867850055;104;103
FAURE;junit;17;4962;11.090088512935608;127;117
FAURE;junit;18;5370;11.004447487294584;131;102
FAURE;junit;19;4183;11.004447487294586;108;101
FAURE;junit;20;4135;11.090088512935608;114;109
FAURE;junit;21;5398;10.997620980468076;132;101
FAURE;junit;22;3778;4.252487709207838;53;0
FAURE;junit;23;5166;11.090088512935608;136;106
FAURE;junit;24;4899;10.985188968036066;125;103
FAURE;junit;25;5635;11.004447487294586;144;105
FAURE;junit;26;5728;11.004447487294584;142;104
FAURE;junit;27;5430;11.004447487294584;138;101
FAURE;junit;28;4854;11.027863561381254;130;109
FAURE;junit;29;5525;11.004447487294584;131;104
FAURE;junit;30;4791;11.004447487294584;128;104
FAURE;junit;31;3636;3.9017372573960496;64;0
FAURE;junit;32;4931;11.090088512935608;128;110
FAURE;junit;33;6116;11.089441661220224;138;108
FAURE;junit;34;5649;11.06296008580718;143;120
FAURE;junit;35;5228;11.077167582641795;135;117
FAURE;junit;36;5414;11.004447487294584;136;102
FAURE;junit;37;5666;11.090088512935608;142;108
FAURE;junit;38;5166;11.090088512935608;131;108
FAURE;junit;39;3981;4.135491735491735;78;2
FAURE;junit;40;5757;11.004447487294584;143;108
FAURE;junit;41;5773;11.090088512935608;139;108
FAURE;junit;42;3979;2.617845205754506;50;0
FAURE;junit;43;3872;2.166801086608062;82;29
FAURE;junit;44;5744;11.004447487294586;140;106
FAURE;junit;45;4977;11.004447487294586;131;103
FAURE;junit;46;5604;11.004447487294584;142;104
FAURE;junit;47;5415;10.997620980468078;137;108
FAURE;junit;48;4792;10.997620980468078;116;105
FAURE;junit;49;5570;11.004447487294584;140;101
FAURE;junit;50;5383;11.090088512935608;137;106
FAURE;junit;51;4933;11.084044039518252;129;121
FAURE;junit;52;5822;11.08959959507381;147;106
FAURE;junit;53;3762;11.004447487294582;103;101
FAURE;junit;54;5180;11.077656500503597;127;108
FAURE;junit;55;5509;11.090088512935608;141;109
FAURE;junit;56;5243;11.037099644044446;131;108
FAURE;junit;57;5104;11.09008851293561;126;105
FAURE;junit;58;5479;11.090088512935608;137;120
FAURE;junit;59;5258;11.090088512935607;136;131
FAURE;junit;60;3809;10.997620980468078;104;103
FAURE;junit;61;5649;11.090088512935608;144;106
FAURE;junit;62;5211;11.090088512935608;140;114
FAURE;junit;63;5648;11.077656500503597;141;106
FAURE;junit;64;5370;11.090088512935608;138;101
FAURE;junit;65;5851;11.089599595073812;143;105
FAURE;junit;66;3791;11.004447487294582;105;101
FAURE;junit;67;5634;11.077167582641795;140;108
FAURE;junit;68;4728;11.090088512935608;122;109
FAURE;junit;69;5679;11.004447487294584;138;102
FAURE;junit;70;5539;11.004447487294584;141;117
FAURE;junit;71;5758;11.090088512935608;141;106
FAURE;junit;72;5726;11.090088512935608;138;106
FAURE;junit;73;5851;11.004447487294584;140;105
FAURE;junit;74;4979;11.089441661220224;126;106
FAURE;junit;75;5056;11.09008851293561;128;105
FAURE;junit;76;3994;3.976615942240759;63;0
FAURE;junit;77;5446;11.090088512935608;128;108
FAURE;junit;78;4870;11.090088512935608;125;106
FAURE;junit;79;5586;11.09008851293561;144;105
FAURE;junit;80;5447;10.997620980468076;141;129
FAURE;junit;81;5120;11.004447487294582;128;114
FAURE;junit;82;4777;10.992015474862573;127;102
FAURE;junit;83;5336;11.056915612389826;138;131
FAURE;junit;84;3996;11.004447487294584;107;101
FAURE;junit;85;4356;11.090088512935608;115;108
FAURE;junit;86;4028;4.467789005284138;43;0
FAURE;junit;87;4961;11.004447487294584;131;105
FAURE;junit;88;5588;11.004447487294584;144;104
FAURE;junit;89;3638;1.6273775330571403;93;0
FAURE;junit;90;3823;3.6708681257206788;84;0
FAURE;junit;91;5648;11.090088512935608;140;115
FAURE;junit;92;4792;11.090088512935608;127;107
FAURE;junit;93;5713;11.090088512935608;139;109
FAURE;junit;94;5836;10.99762098046808;143;101
FAURE;junit;95;5633;11.090088512935608;144;106
FAURE;junit;96;4868;11.004447487294586;123;101
FAURE;junit;97;5602;11.09008851293561;139;105
FAURE;junit;98;5679;11.090088512935608;141;108
FAURE;junit;99;5711;11.004447487294584;144;102
