tipogerador;nomeinstancia;numerociclo;tempoexecucao;valor;restarts;melhorrestart
FAURE;jxlscore;0;4540;8.70749583408519;133;117
FAURE;jxlscore;1;4215;8.735677718961593;122;100
FAURE;jxlscore;2;3090;4.193025865902994;70;20
FAURE;jxlscore;3;3621;9.044511075392293;111;89
FAURE;jxlscore;4;4260;8.725331352262284;120;115
FAURE;jxlscore;5;3232;8.70678454619392;101;83
FAURE;jxlscore;6;2827;2.908156862292121;77;42
FAURE;jxlscore;7;2840;8.509533357519842;84;83
FAURE;jxlscore;8;4229;8.709191290331132;120;113
FAURE;jxlscore;9;3543;8.723127411416435;107;86
FAURE;jxlscore;10;3979;8.819414538065653;126;87
FAURE;jxlscore;11;3934;8.673028272948743;126;84
FAURE;jxlscore;12;4197;8.707490028906971;118;99
FAURE;jxlscore;13;2887;8.558592859178715;88;87
FAURE;jxlscore;14;4012;8.725796707999379;125;84
FAURE;jxlscore;15;4325;8.681615091966634;126;122
FAURE;jxlscore;16;3433;8.661010164538444;105;85
FAURE;jxlscore;17;4027;8.789687633068855;127;116
FAURE;jxlscore;18;3903;8.739868309337606;116;84
FAURE;jxlscore;19;4057;8.774499424834953;123;116
FAURE;jxlscore;20;4276;8.69462988875568;125;103
FAURE;jxlscore;21;3682;8.652149717237657;114;97
FAURE;jxlscore;22;3043;3.955815548623294;48;0
FAURE;jxlscore;23;3108;8.67152555294684;93;83
FAURE;jxlscore;24;4168;8.652710925565827;121;97
FAURE;jxlscore;25;4042;8.692074636982227;127;99
FAURE;jxlscore;26;4135;8.72015954006713;121;102
FAURE;jxlscore;27;4354;8.662843254928543;127;91
FAURE;jxlscore;28;4338;8.703156294037514;124;116
FAURE;jxlscore;29;3340;7.508555958602161;23;0
FAURE;jxlscore;30;3433;8.720448430138777;101;85
FAURE;jxlscore;31;2762;1.9307223137765397;71;0
FAURE;jxlscore;32;3653;8.737633859088907;114;109
FAURE;jxlscore;33;4386;8.70304736174031;132;88
FAURE;jxlscore;34;3667;8.675939711134422;110;100
FAURE;jxlscore;35;3887;8.74471271021974;115;108
FAURE;jxlscore;36;3745;8.72824934621801;113;92
FAURE;jxlscore;37;3808;8.646660233024576;111;88
FAURE;jxlscore;38;4400;8.699127548255268;129;99
FAURE;jxlscore;39;3591;8.72015954006713;113;98
FAURE;jxlscore;40;3792;8.67584839310715;116;87
FAURE;jxlscore;41;2671;8.61216554080992;84;83
FAURE;jxlscore;42;3885;8.770987632599565;113;84
FAURE;jxlscore;43;3293;8.65028063552654;109;91
FAURE;jxlscore;44;3778;8.687898186691049;115;99
FAURE;jxlscore;45;2686;2.2364945837361154;63;0
FAURE;jxlscore;46;2918;3.0926185999537723;68;0
FAURE;jxlscore;47;2905;8.623093307853841;87;85
FAURE;jxlscore;48;3747;8.736546744401648;115;99
FAURE;jxlscore;49;2637;1.9040762550761892;76;55
FAURE;jxlscore;50;2981;5.1893925527374405;24;0
FAURE;jxlscore;51;2920;2.5160242633636125;58;2
FAURE;jxlscore;52;3763;8.742736346412817;114;109
FAURE;jxlscore;53;3261;8.68425588116559;100;97
FAURE;jxlscore;54;3777;8.68843197302009;119;89
FAURE;jxlscore;55;3543;8.751552225862019;111;93
FAURE;jxlscore;56;3575;8.590357679982166;113;91
FAURE;jxlscore;57;3433;8.715192526076478;101;94
FAURE;jxlscore;58;3651;8.803567300655418;109;94
FAURE;jxlscore;59;3685;8.650948720594798;106;97
FAURE;jxlscore;60;3996;8.758436527468024;122;119
FAURE;jxlscore;61;3201;8.6994314572994;100;89
FAURE;jxlscore;62;3871;8.808375605969067;115;107
FAURE;jxlscore;63;3168;8.66221210189299;97;95
FAURE;jxlscore;64;3419;8.706470121419013;103;95
FAURE;jxlscore;65;3341;8.697148581227184;103;84
FAURE;jxlscore;66;2981;8.655779153192633;87;84
FAURE;jxlscore;67;3762;8.680162828640176;119;85
FAURE;jxlscore;68;4135;8.688773037495832;126;89
FAURE;jxlscore;69;3201;8.690572244629204;94;92
FAURE;jxlscore;70;2824;8.642723024710387;88;85
FAURE;jxlscore;71;2795;8.684717864555918;90;86
FAURE;jxlscore;72;2887;1.9520631318341242;82;0
FAURE;jxlscore;73;3916;8.741865218077983;120;116
FAURE;jxlscore;74;4106;8.798738129001288;132;116
FAURE;jxlscore;75;3871;8.67012933393054;118;97
FAURE;jxlscore;76;2889;4.044307345572889;34;0
FAURE;jxlscore;77;3326;8.734429317833115;105;94
FAURE;jxlscore;78;3683;8.723953875038701;115;85
FAURE;jxlscore;79;3932;8.728223721815525;114;83
FAURE;jxlscore;80;3014;8.653632523540116;91;90
FAURE;jxlscore;81;3090;8.699708533276521;95;86
FAURE;jxlscore;82;3932;8.747035842007552;114;85
FAURE;jxlscore;83;4105;8.809081603103037;128;116
FAURE;jxlscore;84;3635;8.737633859088906;111;96
FAURE;jxlscore;85;4183;8.736504528630789;126;117
FAURE;jxlscore;86;3606;8.706865904700862;109;98
FAURE;jxlscore;87;3684;8.763635254966292;109;99
FAURE;jxlscore;88;3621;8.83162155164404;106;101
FAURE;jxlscore;89;4275;8.754021124892269;130;122
FAURE;jxlscore;90;3575;8.739965134936844;109;88
FAURE;jxlscore;91;2622;2.6011518286196402;68;0
FAURE;jxlscore;92;2887;8.770987632599564;87;86
FAURE;jxlscore;93;3451;8.70316093352238;100;93
FAURE;jxlscore;94;3121;8.667878028861134;93;85
FAURE;jxlscore;95;4244;8.718060761779897;134;84
FAURE;jxlscore;96;3870;8.78019946666823;115;89
FAURE;jxlscore;97;3355;8.663672749546729;103;83
FAURE;jxlscore;98;3558;8.702028022439137;109;91
FAURE;jxlscore;99;2530;2.9070234113712377;59;0
