tipogerador;nomeinstancia;numerociclo;tempoexecucao;valor;restarts;melhorrestart
FAURE;jxlsreader;0;235;3.5500778914572018;166;30
FAURE;jxlsreader;1;218;3.602458843838154;174;129
FAURE;jxlsreader;2;218;3.5802366216159323;150;144
FAURE;jxlsreader;3;250;3.6024588438381544;159;88
FAURE;jxlsreader;4;218;3.592075702075702;138;57
FAURE;jxlsreader;5;235;3.602458843838154;168;89
FAURE;jxlsreader;6;250;3.5766543054468753;188;174
FAURE;jxlsreader;7;218;3.592075702075702;165;101
FAURE;jxlsreader;8;250;3.5920757020757024;178;94
FAURE;jxlsreader;9;218;3.592075702075702;161;159
FAURE;jxlsreader;10;235;3.6024588438381544;172;113
FAURE;jxlsreader;11;234;3.5766543054468753;189;72
FAURE;jxlsreader;12;250;3.6024588438381544;176;169
FAURE;jxlsreader;13;234;3.576654305446875;166;152
FAURE;jxlsreader;14;234;3.592075702075702;165;51
FAURE;jxlsreader;15;235;3.6024588438381535;157;156
FAURE;jxlsreader;16;218;3.6024588438381544;154;31
FAURE;jxlsreader;17;234;3.6024588438381544;152;83
FAURE;jxlsreader;18;234;3.602458843838154;176;145
FAURE;jxlsreader;19;250;3.6024588438381544;166;35
FAURE;jxlsreader;20;235;3.602458843838155;164;143
FAURE;jxlsreader;21;234;3.6024588438381544;175;33
FAURE;jxlsreader;22;249;3.5766543054468753;182;52
FAURE;jxlsreader;23;219;3.565898617511521;179;92
FAURE;jxlsreader;24;265;3.5920757020757024;181;172
FAURE;jxlsreader;25;219;3.6024588438381544;151;129
FAURE;jxlsreader;26;234;3.5802366216159323;174;81
FAURE;jxlsreader;27;234;3.6024588438381544;144;142
FAURE;jxlsreader;28;219;3.592075702075702;185;95
FAURE;jxlsreader;29;249;3.6024588438381544;157;84
FAURE;jxlsreader;30;235;3.537862137862138;171;118
FAURE;jxlsreader;31;219;3.5920757020757024;162;113
FAURE;jxlsreader;32;218;3.6024588438381544;154;33
FAURE;jxlsreader;33;250;3.6024588438381544;171;78
FAURE;jxlsreader;34;234;3.580236621615932;164;91
FAURE;jxlsreader;35;235;3.5766543054468753;175;91
FAURE;jxlsreader;36;234;3.6024588438381544;158;48
FAURE;jxlsreader;37;234;3.592075702075702;192;103
FAURE;jxlsreader;38;265;3.580236621615932;177;173
FAURE;jxlsreader;39;249;3.5766543054468753;203;85
FAURE;jxlsreader;40;235;3.576654305446875;170;138
FAURE;jxlsreader;41;219;3.5766543054468745;163;77
FAURE;jxlsreader;42;249;3.592075702075702;199;33
FAURE;jxlsreader;43;234;3.6024588438381544;174;61
FAURE;jxlsreader;44;219;3.6024588438381544;173;75
FAURE;jxlsreader;45;235;3.602458843838154;157;112
FAURE;jxlsreader;46;234;3.5802366216159323;170;58
FAURE;jxlsreader;47;218;3.6024588438381544;201;47
FAURE;jxlsreader;48;250;3.6024588438381544;181;142
FAURE;jxlsreader;49;218;3.592075702075702;144;61
FAURE;jxlsreader;50;220;3.5920757020757024;171;76
FAURE;jxlsreader;51;234;3.6024588438381544;158;64
FAURE;jxlsreader;52;234;3.602458843838154;171;74
FAURE;jxlsreader;53;218;3.6024588438381544;172;47
FAURE;jxlsreader;54;234;3.576654305446875;172;141
FAURE;jxlsreader;55;219;3.5349700033270013;162;71
FAURE;jxlsreader;56;234;3.5209305944600064;176;43
FAURE;jxlsreader;57;234;3.5963133640552996;159;34
FAURE;jxlsreader;58;250;3.5920757020757024;155;145
FAURE;jxlsreader;59;218;3.5920757020757024;180;162
FAURE;jxlsreader;60;220;3.5963133640552996;157;57
FAURE;jxlsreader;61;234;3.592075702075702;198;62
FAURE;jxlsreader;62;218;3.5802366216159314;189;184
FAURE;jxlsreader;63;219;3.5766543054468753;156;138
FAURE;jxlsreader;64;234;3.592075702075702;171;55
FAURE;jxlsreader;65;219;3.592075702075702;168;95
FAURE;jxlsreader;66;234;3.580236621615932;166;133
FAURE;jxlsreader;67;250;3.6024588438381544;180;162
FAURE;jxlsreader;68;249;3.578624601205246;186;120
FAURE;jxlsreader;69;219;3.6024588438381544;162;43
FAURE;jxlsreader;70;235;3.5766543054468753;165;119
FAURE;jxlsreader;71;218;3.5494613229907346;173;112
FAURE;jxlsreader;72;234;3.6024588438381544;172;44
FAURE;jxlsreader;73;234;3.576654305446875;159;74
FAURE;jxlsreader;74;250;3.5553007162573347;179;92
FAURE;jxlsreader;75;235;3.602458843838154;159;72
FAURE;jxlsreader;76;249;3.5766543054468753;178;98
FAURE;jxlsreader;77;250;3.5766543054468753;154;45
FAURE;jxlsreader;78;234;3.5766543054468753;165;62
FAURE;jxlsreader;79;234;3.592075702075702;150;41
FAURE;jxlsreader;80;235;3.5802366216159323;180;116
FAURE;jxlsreader;81;249;3.602458843838154;161;53
FAURE;jxlsreader;82;219;3.537862137862138;155;66
FAURE;jxlsreader;83;234;3.5920757020757015;168;134
FAURE;jxlsreader;84;218;3.592075702075702;158;92
FAURE;jxlsreader;85;220;3.592075702075702;164;91
FAURE;jxlsreader;86;234;3.6024588438381535;183;58
FAURE;jxlsreader;87;234;3.602458843838154;158;154
FAURE;jxlsreader;88;218;3.576343043420842;170;85
FAURE;jxlsreader;89;250;3.592075702075702;161;75
FAURE;jxlsreader;90;250;3.592075702075702;158;152
FAURE;jxlsreader;91;219;3.5920757020757024;156;146
FAURE;jxlsreader;92;249;3.6024588438381544;183;173
FAURE;jxlsreader;93;234;3.592075702075702;166;112
FAURE;jxlsreader;94;203;3.592075702075702;176;120
FAURE;jxlsreader;95;235;3.6024588438381535;166;122
FAURE;jxlsreader;96;234;3.6024588438381544;171;55
FAURE;jxlsreader;97;234;3.6024588438381544;177;114
FAURE;jxlsreader;98;218;3.6024588438381544;170;143
FAURE;jxlsreader;99;234;3.602458843838154;177;100
