tipogerador;nomeinstancia;numerociclo;tempoexecucao;valor;restarts;melhorrestart
FAURE;notelab_full;0;72931;3.816940691078148;38;0
FAURE;notelab_full;1;73119;2.3886682900389844;111;0
FAURE;notelab_full;2;117999;29.1416707557577;314;313
FAURE;notelab_full;3;73274;2.785938841974766;96;0
FAURE;notelab_full;4;71387;2.088425074799034;271;0
FAURE;notelab_full;5;70716;1.6194161580193445;251;0
FAURE;notelab_full;6;91823;21.18445214311281;4;0
FAURE;notelab_full;7;93757;19.844914088785693;4;0
FAURE;notelab_full;8;90122;23.243369473507297;3;0
FAURE;notelab_full;9;74460;4.821700448428308;26;0
FAURE;notelab_full;10;88375;15.6577753087232;6;0
FAURE;notelab_full;11;95224;19.79596067862073;4;0
FAURE;notelab_full;12;73945;2.7936373529211727;138;0
FAURE;notelab_full;13;71839;1.7447393930933934;117;0
FAURE;notelab_full;14;86051;19.66486357911949;3;0
FAURE;notelab_full;15;94210;21.459502117326274;3;0
FAURE;notelab_full;16;112461;29.15639030528441;313;311
FAURE;notelab_full;17;132679;29.069800392150913;316;315
FAURE;notelab_full;18;84008;15.443019093704361;9;2
FAURE;notelab_full;19;84865;18.353032936706274;4;0
FAURE;notelab_full;20;96939;21.008391599858744;4;0
FAURE;notelab_full;21;73743;1.7858148368045423;82;0
FAURE;notelab_full;22;133116;29.082855207928997;315;309
FAURE;notelab_full;23;98421;23.098313098655105;3;0
FAURE;notelab_full;24;104849;29.135850077692655;312;308
FAURE;notelab_full;25;73181;2.288651974713563;123;0
FAURE;notelab_full;26;74522;5.98068703960553;17;0
FAURE;notelab_full;27;96908;29.253760880822682;311;308
FAURE;notelab_full;28;91277;15.65782980072061;5;0
FAURE;notelab_full;29;73789;1.5717460317460317;74;0
FAURE;notelab_full;30;87736;15.250834218093445;5;0
FAURE;notelab_full;31;72775;2.9910885569355146;25;0
FAURE;notelab_full;32;90263;20.96316810240083;3;0
FAURE;notelab_full;33;136922;29.064353380988333;317;310
FAURE;notelab_full;34;72027;1.9230207818141065;219;0
FAURE;notelab_full;35;138076;29.151506178789795;317;313
FAURE;notelab_full;36;73150;2.0168623570800355;78;0
FAURE;notelab_full;37;73633;3.5990678636154088;84;32
FAURE;notelab_full;38;77470;5.958185203713196;18;0
FAURE;notelab_full;39;72136;1.4543082987637503;225;0
FAURE;notelab_full;40;71168;1.8295605298069026;157;0
FAURE;notelab_full;41;73711;2.7533482514918157;93;0
FAURE;notelab_full;42;144894;29.107986834179755;317;314
FAURE;notelab_full;43;74414;2.579382344031505;68;0
FAURE;notelab_full;44;72010;1.4679579129354243;177;0
FAURE;notelab_full;45;74055;2.538697284024387;137;0
FAURE;notelab_full;46;71355;1.742651698583902;155;0
FAURE;notelab_full;47;92119;19.194866569731293;4;0
FAURE;notelab_full;48;108484;29.165581674609307;312;309
FAURE;notelab_full;49;72416;1.7419471060045146;37;0
FAURE;notelab_full;50;126549;29.1139333141888;315;307
FAURE;notelab_full;51;72541;1.6877203604116957;250;0
FAURE;notelab_full;52;73305;2.2131800088456437;96;0
FAURE;notelab_full;53;142773;29.089776038581217;317;311
FAURE;notelab_full;54;92244;20.299608035822658;4;0
FAURE;notelab_full;55;126891;29.05102183881093;315;312
FAURE;notelab_full;56;71808;2.160368847870248;105;0
FAURE;notelab_full;57;77440;5.294206462626308;18;0
FAURE;notelab_full;58;73025;2.416348357524828;193;0
FAURE;notelab_full;59;94833;28.910211196988197;310;309
FAURE;notelab_full;60;72682;2.3592688300051807;181;0
FAURE;notelab_full;61;70544;1.599146372759566;216;0
FAURE;notelab_full;62;74351;2.6826500075363136;28;0
FAURE;notelab_full;63;93835;20.48837268330773;4;0
FAURE;notelab_full;64;115238;29.159640656278885;313;309
FAURE;notelab_full;65;71465;2.2427284481807024;37;0
FAURE;notelab_full;66;92977;22.019088823462326;3;2
FAURE;notelab_full;67;78859;28.869299915242127;308;307
FAURE;notelab_full;68;120246;29.03410350898298;315;312
FAURE;notelab_full;69;93960;20.85275855769114;4;0
FAURE;notelab_full;70;74117;1.8918443508128457;88;0
FAURE;notelab_full;71;136673;29.110938936264404;317;312
FAURE;notelab_full;72;101339;22.960290238005047;3;0
FAURE;notelab_full;73;86955;13.454536912164855;9;3
FAURE;notelab_full;74;71605;2.034119626894576;190;0
FAURE;notelab_full;75;87205;21.036673078151342;5;2
FAURE;notelab_full;76;72557;3.55681419850072;124;0
FAURE;notelab_full;77;93165;18.970868566154852;4;0
FAURE;notelab_full;78;73196;1.7645500126935771;169;0
FAURE;notelab_full;79;74366;1.9467307443215223;161;0
FAURE;notelab_full;80;84366;15.734378773707146;5;0
FAURE;notelab_full;81;135596;29.155970086991335;316;311
FAURE;notelab_full;82;136954;29.137502252963102;317;315
FAURE;notelab_full;83;88999;17.680119329514852;6;0
FAURE;notelab_full;84;92306;19.658840268107546;5;4
FAURE;notelab_full;85;100699;22.894623584938;3;0
FAURE;notelab_full;86;101120;28.87652893172291;311;308
FAURE;notelab_full;87;73961;2.499569071094966;128;0
FAURE;notelab_full;88;98157;25.036273950427514;4;0
FAURE;notelab_full;89;87361;21.019412904358145;3;0
FAURE;notelab_full;90;72369;1.5757661524914697;135;0
FAURE;notelab_full;91;120730;28.9618316865946;315;314
FAURE;notelab_full;92;72588;1.4865407794294896;161;0
FAURE;notelab_full;93;84132;17.195990368213256;4;0
FAURE;notelab_full;94;73726;1.8215251023707149;59;0
FAURE;notelab_full;95;88376;20.343820061430183;3;0
FAURE;notelab_full;96;74803;1.76416822932386;26;0
FAURE;notelab_full;97;72791;3.4049041503210633;110;0
FAURE;notelab_full;98;93585;29.031317634602622;310;309
FAURE;notelab_full;99;141556;29.053257272633353;317;311
