tipogerador;nomeinstancia;numerociclo;tempoexecucao;valor;restarts;melhorrestart
FAURE;pdf_renderer;0;30031;20.940145521830996;207;206
FAURE;pdf_renderer;1;24230;9.297398126733638;26;0
FAURE;pdf_renderer;2;22528;1.9807167601704527;79;0
FAURE;pdf_renderer;3;22060;1.9807167601704527;92;0
FAURE;pdf_renderer;4;31110;21.234731270283355;208;204
FAURE;pdf_renderer;5;22995;2.0770507969428653;116;0
FAURE;pdf_renderer;6;21749;1.6013602813309116;192;0
FAURE;pdf_renderer;7;22137;1.6155288481394292;153;0
FAURE;pdf_renderer;8;33651;21.318064603616683;211;204
FAURE;pdf_renderer;9;30111;21.503933338438305;207;199
FAURE;pdf_renderer;10;35912;20.897402878001397;213;205
FAURE;pdf_renderer;11;30749;21.244749501439106;208;204
FAURE;pdf_renderer;12;22761;20.715602365259006;200;199
FAURE;pdf_renderer;13;21781;2.45067898824244;107;0
FAURE;pdf_renderer;14;30358;21.21718497049449;207;204
FAURE;pdf_renderer;15;24137;5.401529143426676;30;0
FAURE;pdf_renderer;16;38626;21.11943502317932;214;204
FAURE;pdf_renderer;17;23245;5.751567131572115;44;4
FAURE;pdf_renderer;18;21638;1.6155288481394292;188;0
FAURE;pdf_renderer;19;22013;1.9807167601704527;82;0
FAURE;pdf_renderer;20;22403;1.9807167601704527;80;0
FAURE;pdf_renderer;21;34477;20.98314184663511;212;206
FAURE;pdf_renderer;22;36957;21.2199875966772;216;204
FAURE;pdf_renderer;23;30343;21.126659603388156;208;203
FAURE;pdf_renderer;24;25258;20.75820640360156;202;201
FAURE;pdf_renderer;25;22278;1.8663621394805334;179;0
FAURE;pdf_renderer;26;24914;9.029144338027711;19;0
FAURE;pdf_renderer;27;35382;21.12795434856074;214;203
FAURE;pdf_renderer;28;35288;21.36187108952843;211;204
FAURE;pdf_renderer;29;21467;1.9807167601704527;87;0
FAURE;pdf_renderer;30;24539;6.844513020519213;46;0
FAURE;pdf_renderer;31;22980;1.7804690772022895;178;0
FAURE;pdf_renderer;32;34259;21.04952520012372;213;203
FAURE;pdf_renderer;33;21498;1.9807167601704527;94;0
FAURE;pdf_renderer;34;21685;1.9807167601704527;86;0
FAURE;pdf_renderer;35;21778;1.9807167601704527;95;0
FAURE;pdf_renderer;36;32902;21.20011375261782;210;204
FAURE;pdf_renderer;37;22277;1.6125210415099747;189;0
FAURE;pdf_renderer;38;22387;1.9807167601704527;104;0
FAURE;pdf_renderer;39;31389;21.313035494239752;209;204
FAURE;pdf_renderer;40;22465;1.9807167601704527;89;0
FAURE;pdf_renderer;41;21700;2.357216357471758;141;0
FAURE;pdf_renderer;42;33323;20.75820640360156;211;202
FAURE;pdf_renderer;43;31981;20.81406954466806;210;202
FAURE;pdf_renderer;44;22481;2.98616413699267;110;0
FAURE;pdf_renderer;45;22574;1.754449472096531;129;0
FAURE;pdf_renderer;46;37332;21.107636796130052;216;203
FAURE;pdf_renderer;47;36208;20.733311592942375;214;203
FAURE;pdf_renderer;48;22263;1.670179854228934;194;0
FAURE;pdf_renderer;49;21966;1.8021390374331552;140;0
FAURE;pdf_renderer;50;36629;20.955736211334735;216;212
FAURE;pdf_renderer;51;36755;20.958311592942373;215;212
FAURE;pdf_renderer;52;36490;21.217412215069558;216;204
FAURE;pdf_renderer;53;36208;21.15460649096939;213;204
FAURE;pdf_renderer;54;26552;20.9959367062465;204;203
FAURE;pdf_renderer;55;23916;8.825411111154875;28;0
FAURE;pdf_renderer;56;31295;21.031626695119957;210;203
FAURE;pdf_renderer;57;32121;21.318064603616683;209;204
FAURE;pdf_renderer;58;22372;1.9807167601704527;94;0
FAURE;pdf_renderer;59;38221;21.163564494163012;214;203
FAURE;pdf_renderer;60;36318;20.868466712530882;214;204
FAURE;pdf_renderer;61;23307;16.468370983444036;199;199
FAURE;pdf_renderer;62;22808;2.201267557382665;95;0
FAURE;pdf_renderer;63;21670;1.6155288481394292;184;0
FAURE;pdf_renderer;64;33213;21.077089302687824;211;203
FAURE;pdf_renderer;65;32044;21.145681902371503;210;204
FAURE;pdf_renderer;66;23682;3.526893812787346;70;0
FAURE;pdf_renderer;67;32917;21.239454977948235;212;203
FAURE;pdf_renderer;68;22090;1.787032334518368;67;0
FAURE;pdf_renderer;69;22497;2.505822015930319;156;0
FAURE;pdf_renderer;70;24508;5.586143985045519;26;0
FAURE;pdf_renderer;71;22169;1.9807167601704527;94;0
FAURE;pdf_renderer;72;31185;20.885281665880186;208;206
FAURE;pdf_renderer;73;25726;20.79850601911241;203;199
FAURE;pdf_renderer;74;22012;1.9807167601704527;95;0
FAURE;pdf_renderer;75;37223;20.897402878001397;215;204
FAURE;pdf_renderer;76;37472;21.318064603616683;214;204
FAURE;pdf_renderer;77;34727;21.114917118606016;213;203
FAURE;pdf_renderer;78;22543;1.9807167601704527;82;0
FAURE;pdf_renderer;79;35086;21.23473127028335;212;204
FAURE;pdf_renderer;80;21544;1.9807167601704527;79;0
FAURE;pdf_renderer;81;31794;20.790892429385693;210;207
FAURE;pdf_renderer;82;22028;1.9807167601704527;83;0
FAURE;pdf_renderer;83;30749;21.145681902371503;208;204
FAURE;pdf_renderer;84;22886;1.9807167601704527;81;0
FAURE;pdf_renderer;85;35117;21.318064603616687;213;204
FAURE;pdf_renderer;86;21872;1.9807167601704527;89;0
FAURE;pdf_renderer;87;22496;1.791222437779342;128;0
FAURE;pdf_renderer;88;22450;1.670179854228934;178;0
FAURE;pdf_renderer;89;31138;21.226851207449727;208;203
FAURE;pdf_renderer;90;22575;5.950958907324964;35;0
FAURE;pdf_renderer;91;21981;1.9807167601704527;80;0
FAURE;pdf_renderer;92;22340;2.2096332912528327;127;0
FAURE;pdf_renderer;93;22075;2.430380209431443;99;89
FAURE;pdf_renderer;94;22309;3.7327533322179467;64;0
FAURE;pdf_renderer;95;36303;20.75972535533175;214;212
FAURE;pdf_renderer;96;32168;21.23473127028335;210;204
FAURE;pdf_renderer;97;23541;7.504195551711874;27;0
FAURE;pdf_renderer;98;25086;8.401776535074386;20;0
FAURE;pdf_renderer;99;22044;1.9807167601704527;88;0
