tipogerador;nomeinstancia;numerociclo;tempoexecucao;valor;restarts;melhorrestart
FAURE;pfcda_base;0;2091;7.324612625416027;133;97
FAURE;pfcda_base;1;1702;7.332816414826106;78;69
FAURE;pfcda_base;2;1953;7.32884174922979;111;95
FAURE;pfcda_base;3;2122;7.320223910682483;131;106
FAURE;pfcda_base;4;2154;7.299643113253662;119;101
FAURE;pfcda_base;5;2045;7.315864147121753;141;97
FAURE;pfcda_base;6;2169;7.297114861477494;134;124
FAURE;pfcda_base;7;1951;7.337590227524062;110;92
FAURE;pfcda_base;8;1904;7.325602167085544;111;107
FAURE;pfcda_base;9;2248;7.337590227524062;130;96
FAURE;pfcda_base;10;2357;7.311475432388211;135;123
FAURE;pfcda_base;11;2154;7.31471021865733;130;94
FAURE;pfcda_base;12;1421;2.699731555681213;59;47
FAURE;pfcda_base;13;2185;7.32884174922979;149;88
FAURE;pfcda_base;14;1763;7.311475432388211;98;96
FAURE;pfcda_base;15;2310;7.299643113253662;126;101
FAURE;pfcda_base;16;2140;7.332816414826107;109;96
FAURE;pfcda_base;17;1655;7.310321503923787;100;98
FAURE;pfcda_base;18;1998;7.3064895803258985;141;109
FAURE;pfcda_base;19;1982;7.304753036010644;123;96
FAURE;pfcda_base;20;2203;7.304753036010644;131;92
FAURE;pfcda_base;21;2171;7.332816414826107;124;96
FAURE;pfcda_base;22;2078;7.304753036010644;118;105
FAURE;pfcda_base;23;1732;7.267392210994494;98;96
FAURE;pfcda_base;24;1937;7.299643113253662;107;106
FAURE;pfcda_base;25;2060;7.308391591547933;129;95
FAURE;pfcda_base;26;2061;7.327687820765366;127;92
FAURE;pfcda_base;27;2138;7.325602167085541;136;78
FAURE;pfcda_base;28;2232;7.304753036010644;136;109
FAURE;pfcda_base;29;2092;7.311475432388211;136;96
FAURE;pfcda_base;30;2075;7.325602167085544;134;114
FAURE;pfcda_base;31;1827;7.304753036010642;105;93
FAURE;pfcda_base;32;1966;7.337590227524061;124;92
FAURE;pfcda_base;33;2201;7.297114861477495;126;124
FAURE;pfcda_base;34;1779;7.320223910682482;88;81
FAURE;pfcda_base;35;1904;7.31147543238821;101;76
FAURE;pfcda_base;36;1968;7.332816414826107;118;100
FAURE;pfcda_base;37;2263;7.32884174922979;135;82
FAURE;pfcda_base;38;2045;7.283972275941089;129;120
FAURE;pfcda_base;39;2171;7.328841749229792;128;107
FAURE;pfcda_base;40;2185;7.325602167085542;125;97
FAURE;pfcda_base;41;2046;7.311475432388211;133;91
FAURE;pfcda_base;42;1904;7.303599107546217;104;88
FAURE;pfcda_base;43;2092;7.32884174922979;130;76
FAURE;pfcda_base;44;2046;7.3256021670855445;111;105
FAURE;pfcda_base;45;1936;7.332816414826108;113;107
FAURE;pfcda_base;46;2044;7.277294617753189;138;108
FAURE;pfcda_base;47;1889;7.332816414826107;109;106
FAURE;pfcda_base;48;2170;7.332816414826107;129;124
FAURE;pfcda_base;49;1982;7.332816414826108;109;107
FAURE;pfcda_base;50;1998;7.304753036010644;116;100
FAURE;pfcda_base;51;2249;7.328841749229789;131;88
FAURE;pfcda_base;52;1905;7.325602167085543;107;106
FAURE;pfcda_base;53;2140;7.299643113253662;137;118
FAURE;pfcda_base;54;2281;7.320223910682483;143;97
FAURE;pfcda_base;55;1951;7.306489580325897;126;89
FAURE;pfcda_base;56;2062;7.325602167085544;146;118
FAURE;pfcda_base;57;1764;7.304753036010642;115;89
FAURE;pfcda_base;58;1796;7.3158641471217525;106;75
FAURE;pfcda_base;59;1907;7.332816414826107;112;106
FAURE;pfcda_base;60;2076;7.337590227524061;114;97
FAURE;pfcda_base;61;1920;7.332816414826108;120;119
FAURE;pfcda_base;62;2170;7.332816414826106;137;70
FAURE;pfcda_base;63;2044;7.311475432388212;123;94
FAURE;pfcda_base;64;2328;7.310321503923787;132;115
FAURE;pfcda_base;65;2201;7.326901568870383;125;115
FAURE;pfcda_base;66;2076;7.325602167085544;137;123
FAURE;pfcda_base;67;2154;7.32884174922979;130;88
FAURE;pfcda_base;68;1920;7.29964311325366;109;79
FAURE;pfcda_base;69;1953;7.293352070878441;90;75
FAURE;pfcda_base;70;2029;7.320223910682482;119;89
FAURE;pfcda_base;71;1982;7.313501514304915;103;100
FAURE;pfcda_base;72;1951;7.311475432388212;124;116
FAURE;pfcda_base;73;2060;7.332816414826108;119;100
FAURE;pfcda_base;74;1936;7.29964311325366;102;90
FAURE;pfcda_base;75;1765;7.254185568548201;99;73
FAURE;pfcda_base;76;2232;7.311475432388212;138;96
FAURE;pfcda_base;77;2060;7.332816414826108;127;118
FAURE;pfcda_base;78;2093;7.3064895803258985;138;97
FAURE;pfcda_base;79;2185;7.294505999342869;130;117
FAURE;pfcda_base;80;1997;7.306489580325897;116;87
FAURE;pfcda_base;81;1843;7.332816414826107;112;106
FAURE;pfcda_base;82;2107;7.306489580325899;125;100
FAURE;pfcda_base;83;1936;7.311475432388211;112;69
FAURE;pfcda_base;84;2029;7.332816414826108;136;110
FAURE;pfcda_base;85;2138;7.328841749229791;123;92
FAURE;pfcda_base;86;1436;2.6600283816197616;65;0
FAURE;pfcda_base;87;2171;7.327687820765365;136;88
FAURE;pfcda_base;88;2123;7.311475432388212;137;110
FAURE;pfcda_base;89;1998;7.332816414826106;121;104
FAURE;pfcda_base;90;2107;7.332816414826108;132;107
FAURE;pfcda_base;91;2060;7.282672874156251;133;128
FAURE;pfcda_base;92;1779;7.311475432388213;117;107
FAURE;pfcda_base;93;2280;7.299643113253662;135;103
FAURE;pfcda_base;94;1904;7.268546139458918;95;88
FAURE;pfcda_base;95;1764;7.304753036010641;95;68
FAURE;pfcda_base;96;2093;7.311475432388212;122;100
FAURE;pfcda_base;97;2029;7.332816414826107;135;108
FAURE;pfcda_base;98;2139;7.315864147121753;130;78
FAURE;pfcda_base;99;2077;7.3256021670855445;134;119
