tipogerador;nomeinstancia;numerociclo;tempoexecucao;valor;restarts;melhorrestart
FAURE;pfcda_swing;0;43994;2.421342871173198;242;0
FAURE;pfcda_swing;1;70669;28.746964457628835;266;261
FAURE;pfcda_swing;2;55006;18.585737267639907;6;0
FAURE;pfcda_swing;3;43089;1.8162121002353593;78;0
FAURE;pfcda_swing;4;44352;2.832917082917083;94;0
FAURE;pfcda_swing;5;41824;1.7164959156191233;196;0
FAURE;pfcda_swing;6;43322;1.8177997917019886;100;0
FAURE;pfcda_swing;7;44618;3.221719851080316;63;3
FAURE;pfcda_swing;8;73617;28.713430393227263;267;258
FAURE;pfcda_swing;9;43603;1.8048843374979682;76;0
FAURE;pfcda_swing;10;47831;6.990866698088141;21;0
FAURE;pfcda_swing;11;77502;28.75859093022627;268;262
FAURE;pfcda_swing;12;43743;3.8687296046309587;51;0
FAURE;pfcda_swing;13;42636;2.2477607676643507;106;0
FAURE;pfcda_swing;14;74538;28.82197708138413;267;265
FAURE;pfcda_swing;15;56255;21.627354083392618;7;0
FAURE;pfcda_swing;16;67923;28.897701917700203;265;259
FAURE;pfcda_swing;17;62433;28.85698445527215;263;259
FAURE;pfcda_swing;18;57611;22.650409580984743;6;3
FAURE;pfcda_swing;19;79343;28.791247045664544;269;259
FAURE;pfcda_swing;20;64897;28.701549174273804;264;260
FAURE;pfcda_swing;21;58080;21.224727402739273;5;0
FAURE;pfcda_swing;22;43120;1.81396589779039;89;0
FAURE;pfcda_swing;23;54804;19.318168050257306;5;0
FAURE;pfcda_swing;24;49156;17.104441062201307;6;0
FAURE;pfcda_swing;25;79125;28.66520692247518;268;263
FAURE;pfcda_swing;26;42604;1.982406467234242;206;0
FAURE;pfcda_swing;27;79920;28.824276232977613;269;264
FAURE;pfcda_swing;28;82791;28.741425003261547;270;266
FAURE;pfcda_swing;29;67814;28.591292780662982;265;264
FAURE;pfcda_swing;30;55319;19.504741877594913;6;0
FAURE;pfcda_swing;31;54102;20.420400966261447;5;0
FAURE;pfcda_swing;32;42916;1.5874650394101195;191;0
FAURE;pfcda_swing;33;84429;28.80866768756247;271;259
FAURE;pfcda_swing;34;84256;28.81961023447705;271;257
FAURE;pfcda_swing;35;55506;19.806996569935464;7;5
FAURE;pfcda_swing;36;50467;28.66527562025758;259;257
FAURE;pfcda_swing;37;75895;28.69295983852741;267;263
FAURE;pfcda_swing;38;54882;18.340695204297653;7;0
FAURE;pfcda_swing;39;79140;28.746137546974925;268;260
FAURE;pfcda_swing;40;59313;28.714078971309085;262;258
FAURE;pfcda_swing;41;81417;28.68924501010717;269;261
FAURE;pfcda_swing;42;42901;2.4300632911392404;108;0
FAURE;pfcda_swing;43;55787;19.789687833990474;5;3
FAURE;pfcda_swing;44;43197;3.662437664954693;77;0
FAURE;pfcda_swing;45;44945;6.355327065608584;31;0
FAURE;pfcda_swing;46;43806;2.146799156556696;222;0
FAURE;pfcda_swing;47;68719;28.8102370190165;266;261
FAURE;pfcda_swing;48;79951;28.785846268920157;269;262
FAURE;pfcda_swing;49;62495;24.368072882946276;5;2
FAURE;pfcda_swing;50;45303;4.083772058469202;51;0
FAURE;pfcda_swing;51;42808;1.7659974852957308;119;0
FAURE;pfcda_swing;52;51450;19.18325684462484;7;0
FAURE;pfcda_swing;53;43837;2.8379911070620536;115;0
FAURE;pfcda_swing;54;73976;28.870685045493317;267;266
FAURE;pfcda_swing;55;77892;28.797394349246375;269;264
FAURE;pfcda_swing;56;43416;3.7643644507839475;42;0
FAURE;pfcda_swing;57;58610;20.757823592181982;5;0
FAURE;pfcda_swing;58;62682;28.717262239771124;263;262
FAURE;pfcda_swing;59;57815;22.662618012481612;6;0
FAURE;pfcda_swing;60;59312;24.385632278931258;6;0
FAURE;pfcda_swing;61;58096;23.178023094993502;5;4
FAURE;pfcda_swing;62;54320;28.810567279243706;260;259
FAURE;pfcda_swing;63;60841;28.786932584976768;262;261
FAURE;pfcda_swing;64;43057;1.8031646172910114;175;0
FAURE;pfcda_swing;65;58766;28.780141140704554;261;258
FAURE;pfcda_swing;66;61590;22.041985738444378;6;0
FAURE;pfcda_swing;67;44259;2.29091759008077;222;0
FAURE;pfcda_swing;68;57128;21.086304009290135;5;0
FAURE;pfcda_swing;69;43135;2.685749734136831;79;0
FAURE;pfcda_swing;70;44024;2.4705428212340657;84;0
FAURE;pfcda_swing;71;42714;9.266038529680586;257;257
FAURE;pfcda_swing;72;42667;1.7961580983969043;141;0
FAURE;pfcda_swing;73;56926;23.329080089258223;5;0
FAURE;pfcda_swing;74;81948;28.780836149626147;270;264
FAURE;pfcda_swing;75;42448;1.8162121002353593;84;0
FAURE;pfcda_swing;76;43011;1.819746174870156;100;0
FAURE;pfcda_swing;77;57393;21.04519631782023;5;0
FAURE;pfcda_swing;78;81480;28.76483654728839;269;267
FAURE;pfcda_swing;79;42340;2.345341329297032;87;0
FAURE;pfcda_swing;80;45350;4.027112018611321;34;0
FAURE;pfcda_swing;81;42714;1.7191436383165706;243;0
FAURE;pfcda_swing;82;42823;1.7164959156191233;244;0
FAURE;pfcda_swing;83;74491;28.727357834902044;268;262
FAURE;pfcda_swing;84;42948;1.7712390143029468;191;0
FAURE;pfcda_swing;85;43852;25.384728429351167;257;257
FAURE;pfcda_swing;86;71746;28.85450873382256;266;263
FAURE;pfcda_swing;87;43073;1.6372397620681767;89;0
FAURE;pfcda_swing;88;57190;28.79649631732705;262;259
FAURE;pfcda_swing;89;54991;28.648905655494108;261;259
FAURE;pfcda_swing;90;55257;20.85268805637071;6;0
FAURE;pfcda_swing;91;56629;28.67330089338231;261;259
FAURE;pfcda_swing;92;57222;22.659607768528314;4;2
FAURE;pfcda_swing;93;57144;20.07267838160449;5;0
FAURE;pfcda_swing;94;77580;28.761714350552104;269;268
FAURE;pfcda_swing;95;64148;28.767772432477056;265;258
FAURE;pfcda_swing;96;43275;2.1749758441317786;90;0
FAURE;pfcda_swing;97;55865;19.845660770644244;5;0
FAURE;pfcda_swing;98;47878;7.652546116561903;43;0
FAURE;pfcda_swing;99;43259;1.8268343815513628;117;0
