tipogerador;nomeinstancia;numerociclo;tempoexecucao;valor;restarts;melhorrestart
FAURE;seemp;0;251;4.615493278651174;182;177
FAURE;seemp;1;265;4.615493278651174;189;32
FAURE;seemp;2;265;4.615493278651174;155;89
FAURE;seemp;3;250;4.5415584415584425;148;109
FAURE;seemp;4;266;4.615493278651174;184;86
FAURE;seemp;5;265;4.615493278651174;169;143
FAURE;seemp;6;250;4.615493278651174;162;54
FAURE;seemp;7;234;4.5796536796536795;152;49
FAURE;seemp;8;235;4.615493278651174;174;59
FAURE;seemp;9;265;4.615493278651173;155;83
FAURE;seemp;10;250;4.615493278651174;188;57
FAURE;seemp;11;249;4.615493278651174;200;92
FAURE;seemp;12;266;4.653588516746412;168;46
FAURE;seemp;13;266;4.615493278651173;203;130
FAURE;seemp;14;249;4.5415584415584425;179;56
FAURE;seemp;15;281;4.615493278651174;172;139
FAURE;seemp;16;265;4.559090909090909;166;46
FAURE;seemp;17;251;4.60901875901876;177;129
FAURE;seemp;18;250;4.615493278651174;184;57
FAURE;seemp;19;234;4.615493278651174;169;34
FAURE;seemp;20;265;4.615493278651174;185;39
FAURE;seemp;21;249;4.615493278651174;181;109
FAURE;seemp;22;251;4.615493278651173;175;107
FAURE;seemp;23;265;4.615493278651174;156;81
FAURE;seemp;24;250;4.647113997113998;184;89
FAURE;seemp;25;265;4.615493278651173;164;81
FAURE;seemp;26;251;4.615493278651173;187;103
FAURE;seemp;27;249;4.5415584415584425;171;162
FAURE;seemp;28;250;4.5415584415584425;195;82
FAURE;seemp;29;249;4.615493278651173;173;120
FAURE;seemp;30;266;4.615493278651173;169;71
FAURE;seemp;31;235;4.653588516746411;155;46
FAURE;seemp;32;265;4.615493278651173;172;111
FAURE;seemp;33;281;4.615493278651174;172;39
FAURE;seemp;34;265;4.615493278651174;177;63
FAURE;seemp;35;250;4.559090909090909;175;50
FAURE;seemp;36;281;4.615493278651173;186;143
FAURE;seemp;37;265;4.615493278651174;173;55
FAURE;seemp;38;266;4.615493278651174;170;59
FAURE;seemp;39;266;4.615493278651174;173;33
FAURE;seemp;40;234;4.615493278651174;173;50
FAURE;seemp;41;281;4.615493278651174;184;92
FAURE;seemp;42;249;4.615493278651174;156;31
FAURE;seemp;43;266;4.615493278651174;154;58
FAURE;seemp;44;266;4.5415584415584425;182;62
FAURE;seemp;45;249;4.647113997113997;172;73
FAURE;seemp;46;265;4.5415584415584425;178;62
FAURE;seemp;47;251;4.5415584415584425;175;39
FAURE;seemp;48;250;4.615493278651174;172;115
FAURE;seemp;49;265;4.615493278651173;170;135
FAURE;seemp;50;249;4.615493278651174;151;55
FAURE;seemp;51;251;4.615493278651174;158;157
FAURE;seemp;52;265;4.5415584415584425;177;58
FAURE;seemp;53;265;4.615493278651174;179;44
FAURE;seemp;54;250;4.615493278651174;176;165
FAURE;seemp;55;250;4.615493278651173;168;131
FAURE;seemp;56;265;4.615493278651174;152;112
FAURE;seemp;57;250;4.615493278651174;160;135
FAURE;seemp;58;250;4.615493278651174;163;37
FAURE;seemp;59;235;4.5415584415584425;189;58
FAURE;seemp;60;265;4.541558441558442;159;46
FAURE;seemp;61;265;4.615493278651174;165;84
FAURE;seemp;62;281;4.615493278651174;170;51
FAURE;seemp;63;266;4.615493278651174;177;150
FAURE;seemp;64;265;4.615493278651174;190;88
FAURE;seemp;65;250;4.615493278651173;173;115
FAURE;seemp;66;265;4.615493278651174;158;156
FAURE;seemp;67;251;4.5415584415584425;155;112
FAURE;seemp;68;280;4.615493278651174;180;42
FAURE;seemp;69;266;4.615493278651174;175;120
FAURE;seemp;70;265;4.615493278651173;163;50
FAURE;seemp;71;237;4.615493278651173;171;91
FAURE;seemp;72;265;4.615493278651174;180;62
FAURE;seemp;73;249;4.615493278651174;150;60
FAURE;seemp;74;265;4.615493278651174;159;60
FAURE;seemp;75;282;4.615493278651174;179;57
FAURE;seemp;76;265;4.653588516746411;174;108
FAURE;seemp;77;250;4.541558441558442;170;91
FAURE;seemp;78;234;4.615493278651174;199;32
FAURE;seemp;79;268;4.615493278651174;181;62
FAURE;seemp;80;250;4.615493278651174;181;180
FAURE;seemp;81;265;4.615493278651174;174;160
FAURE;seemp;82;234;4.60901875901876;169;47
FAURE;seemp;83;268;4.615493278651174;173;35
FAURE;seemp;84;265;4.615493278651174;177;41
FAURE;seemp;85;266;4.615493278651174;180;36
FAURE;seemp;86;249;4.615493278651174;175;83
FAURE;seemp;87;266;4.60901875901876;152;40
FAURE;seemp;88;266;4.5590909090909095;190;112
FAURE;seemp;89;249;4.5415584415584425;173;44
FAURE;seemp;90;250;4.615493278651174;172;51
FAURE;seemp;91;250;4.5415584415584425;169;47
FAURE;seemp;92;266;4.615493278651174;174;56
FAURE;seemp;93;249;4.615493278651174;162;55
FAURE;seemp;94;250;4.541558441558442;152;88
FAURE;seemp;95;252;4.615493278651173;169;106
FAURE;seemp;96;266;4.615493278651174;152;53
FAURE;seemp;97;265;4.615493278651174;206;180
FAURE;seemp;98;265;4.615493278651173;176;120
FAURE;seemp;99;268;4.615493278651174;175;112
