tipogerador;nomeinstancia;numerociclo;tempoexecucao;valor;restarts;melhorrestart
FAURE;servletapi;0;1656;9.498497091144149;137;76
FAURE;servletapi;1;1485;9.459493610964202;114;107
FAURE;servletapi;2;1686;9.377668246785895;142;135
FAURE;servletapi;3;1343;9.42479709832651;99;97
FAURE;servletapi;4;1436;9.435332367890506;105;95
FAURE;servletapi;5;1577;9.548987830075383;128;113
FAURE;servletapi;6;1545;9.517381735911147;119;78
FAURE;servletapi;7;1641;9.422252747252747;130;109
FAURE;servletapi;8;1655;9.378936476200497;135;72
FAURE;servletapi;9;1639;9.548987830075383;137;91
FAURE;servletapi;10;1670;9.426282540988426;142;105
FAURE;servletapi;11;1576;9.476256194785606;124;77
FAURE;servletapi;12;1717;9.517381735911147;147;111
FAURE;servletapi;13;1517;9.47625619478561;111;87
FAURE;servletapi;14;1701;9.548987830075381;133;93
FAURE;servletapi;15;1204;5.216656312145487;57;38
FAURE;servletapi;16;1686;9.492937291466706;147;90
FAURE;servletapi;17;1701;9.459493610964198;147;74
FAURE;servletapi;18;1687;9.49849709114415;132;79
FAURE;servletapi;19;1764;9.517381735911146;144;135
FAURE;servletapi;20;1717;9.498497091144152;139;114
FAURE;servletapi;21;1780;9.492937291466705;131;87
FAURE;servletapi;22;1516;9.435332367890508;118;92
FAURE;servletapi;23;1719;9.518114873741062;134;87
FAURE;servletapi;24;1641;9.538137189607777;133;92
FAURE;servletapi;25;1547;9.440751568692745;119;98
FAURE;servletapi;26;1655;9.42479709832651;137;69
FAURE;servletapi;27;1500;9.359192702722114;119;79
FAURE;servletapi;28;1641;9.492937291466706;135;89
FAURE;servletapi;29;1641;9.51738173591115;133;117
FAURE;servletapi;30;1733;9.47625619478561;125;114
FAURE;servletapi;31;1797;9.383488178488179;153;74
FAURE;servletapi;32;1592;9.4594936109642;132;108
FAURE;servletapi;33;1639;9.538137189607776;132;131
FAURE;servletapi;34;1655;9.435332367890508;139;103
FAURE;servletapi;35;1687;9.53813718960778;133;93
FAURE;servletapi;36;1780;9.435332367890506;141;69
FAURE;servletapi;37;1468;9.476256194785607;114;87
FAURE;servletapi;38;1686;9.548987830075383;143;103
FAURE;servletapi;39;1563;9.517381735911147;131;129
FAURE;servletapi;40;1779;9.503936476200497;145;75
FAURE;servletapi;41;1751;9.476256194785607;137;116
FAURE;servletapi;42;1576;9.51811487374106;129;84
FAURE;servletapi;43;1516;9.465922639452053;119;84
FAURE;servletapi;44;1624;9.538137189607777;124;94
FAURE;servletapi;45;1639;9.548987830075383;132;88
FAURE;servletapi;46;1639;9.548987830075383;140;85
FAURE;servletapi;47;1311;9.36460353372118;90;73
FAURE;servletapi;48;1687;9.46592263945205;151;70
FAURE;servletapi;49;1594;9.346980241980242;134;116
FAURE;servletapi;50;1733;9.51738173591115;137;83
FAURE;servletapi;51;1438;9.492937291466705;108;106
FAURE;servletapi;52;1671;9.47878208994308;135;71
FAURE;servletapi;53;1733;9.49849709114415;141;86
FAURE;servletapi;54;1453;9.476256194785607;106;91
FAURE;servletapi;55;1656;9.451602209160349;129;75
FAURE;servletapi;56;1546;9.503936476200497;119;73
FAURE;servletapi;57;1765;9.548987830075383;133;119
FAURE;servletapi;58;1577;9.42225274725275;137;86
FAURE;servletapi;59;1703;9.53813718960778;146;105
FAURE;servletapi;60;1671;9.476256194785607;139;105
FAURE;servletapi;61;1672;9.53813718960778;133;119
FAURE;servletapi;62;1639;9.311141636141636;144;117
FAURE;servletapi;63;1656;9.29725274725275;152;90
FAURE;servletapi;64;1639;9.492937291466703;132;110
FAURE;servletapi;65;1608;9.424481727422902;133;126
FAURE;servletapi;66;1624;9.345838148779329;123;91
FAURE;servletapi;67;1561;9.424481727422904;128;72
FAURE;servletapi;68;1685;9.346980241980244;136;89
FAURE;servletapi;69;1717;9.492937291466703;138;76
FAURE;servletapi;70;1719;9.38449827949828;132;79
FAURE;servletapi;71;1594;9.345838148779325;138;99
FAURE;servletapi;72;1546;9.42479709832651;130;85
FAURE;servletapi;73;1764;9.538137189607777;134;73
FAURE;servletapi;74;1657;9.47625619478561;144;115
FAURE;servletapi;75;1594;9.395551670551674;120;87
FAURE;servletapi;76;1717;9.492937291466705;140;120
FAURE;servletapi;77;1656;9.492937291466703;139;112
FAURE;servletapi;78;1686;9.426282540988424;129;88
FAURE;servletapi;79;1500;9.548987830075383;107;90
FAURE;servletapi;80;1732;9.426282540988423;149;129
FAURE;servletapi;81;1671;9.503936476200499;133;86
FAURE;servletapi;82;1656;9.426282540988423;124;97
FAURE;servletapi;83;1655;9.435332367890508;139;73
FAURE;servletapi;84;1749;9.492937291466703;131;98
FAURE;servletapi;85;1389;9.426530136530141;96;90
FAURE;servletapi;86;1655;9.387279060808474;140;84
FAURE;servletapi;87;1547;9.548987830075381;123;74
FAURE;servletapi;88;1515;9.47625619478561;106;85
FAURE;servletapi;89;1654;9.46665577728196;129;101
FAURE;servletapi;90;1657;9.53813718960778;143;81
FAURE;servletapi;91;1701;9.538137189607777;133;94
FAURE;servletapi;92;1610;9.53813718960778;122;79
FAURE;servletapi;93;1688;9.517381735911147;133;73
FAURE;servletapi;94;1485;9.42479709832651;113;90
FAURE;servletapi;95;1514;9.538137189607777;128;78
FAURE;servletapi;96;1672;9.51738173591115;141;121
FAURE;servletapi;97;1592;9.459493610964198;133;121
FAURE;servletapi;98;1546;9.424481727422902;123;99
FAURE;servletapi;99;1748;9.47625619478561;131;126
