tipogerador;nomeinstancia;numerociclo;tempoexecucao;valor;restarts;melhorrestart
FAURE;tinytim;0;9300;3.490583167887195;57;0
FAURE;tinytim;1;8753;1.7023864490851284;76;0
FAURE;tinytim;2;10047;12.25843062904303;141;140
FAURE;tinytim;3;14899;12.308992282455991;160;137
FAURE;tinytim;4;10142;10.057534034131468;14;2
FAURE;tinytim;5;9457;12.18336097105455;139;138
FAURE;tinytim;6;10999;10.001032581851188;12;0
FAURE;tinytim;7;9316;2.144549723107648;59;0
FAURE;tinytim;8;9534;5.626494675772426;40;0
FAURE;tinytim;9;9454;12.26470229377203;141;138
FAURE;tinytim;10;12936;12.304725224521935;152;151
FAURE;tinytim;11;11170;8.689882074419733;16;2
FAURE;tinytim;12;8427;2.254731620857675;131;0
FAURE;tinytim;13;13854;12.27804494524267;157;146
FAURE;tinytim;14;10765;12.284391466535848;145;137
FAURE;tinytim;15;10562;8.508131240820235;15;0
FAURE;tinytim;16;9346;2.331823986996401;82;0
FAURE;tinytim;17;9581;4.625329160226405;39;0
FAURE;tinytim;18;8831;4.079113862400314;51;0
FAURE;tinytim;19;14306;12.265244527269838;158;156
FAURE;tinytim;20;14119;12.288176231441527;155;137
FAURE;tinytim;21;13760;12.23583932715798;159;156
FAURE;tinytim;22;12749;12.256557159743322;153;145
FAURE;tinytim;23;11108;12.148285937941045;145;142
FAURE;tinytim;24;9969;9.081901442514233;12;0
FAURE;tinytim;25;9207;2.9106965340372746;64;0
FAURE;tinytim;26;10687;10.60387317158757;12;0
FAURE;tinytim;27;9192;5.276190717220054;30;26
FAURE;tinytim;28;10611;12.240459170636766;145;142
FAURE;tinytim;29;8988;1.7104871413171807;68;0
FAURE;tinytim;30;10703;12.197253813021096;144;142
FAURE;tinytim;31;13636;12.260205732995404;155;138
FAURE;tinytim;32;12949;12.235473758005362;155;149
FAURE;tinytim;33;10110;9.507889824509213;16;3
FAURE;tinytim;34;9706;12.202477281410104;141;137
FAURE;tinytim;35;13371;12.150830547273495;156;139
FAURE;tinytim;36;8861;2.6481727470194945;135;0
FAURE;tinytim;37;14105;12.28852192199719;158;144
FAURE;tinytim;38;10017;12.247272392272558;142;140
FAURE;tinytim;39;12715;12.177031326718014;153;152
FAURE;tinytim;40;10283;12.279197217923533;144;138
FAURE;tinytim;41;13308;12.305644887067608;156;137
FAURE;tinytim;42;10703;12.288083058980053;144;143
FAURE;tinytim;43;8941;2.2640058979256725;80;0
FAURE;tinytim;44;12419;12.238334424935758;150;149
FAURE;tinytim;45;10673;10.610539417507471;10;0
FAURE;tinytim;46;8661;1.7023864490851284;75;0
FAURE;tinytim;47;12231;12.320758141619034;150;145
FAURE;tinytim;48;8815;1.6156129524935645;97;0
FAURE;tinytim;49;14588;12.356723933836728;161;153
FAURE;tinytim;50;9471;12.244131595689979;141;138
FAURE;tinytim;51;9298;2.3513045064769207;85;78
FAURE;tinytim;52;8300;1.946477593931958;135;0
FAURE;tinytim;53;10999;10.52887228631717;14;0
FAURE;tinytim;54;9081;2.79295510641046;53;0
FAURE;tinytim;55;8939;11.57899066836189;137;137
FAURE;tinytim;56;10921;10.378768286920995;15;0
FAURE;tinytim;57;8693;1.7680205655526993;112;0
FAURE;tinytim;58;9345;2.7889565094684903;52;0
FAURE;tinytim;59;13700;12.24417370695924;156;146
FAURE;tinytim;60;13543;12.24762984780828;156;147
FAURE;tinytim;61;8830;2.8070207062243195;51;0
FAURE;tinytim;62;10173;11.098998132355158;11;0
FAURE;tinytim;63;10828;9.173197107902206;15;0
FAURE;tinytim;64;9892;12.254984599140684;142;140
FAURE;tinytim;65;14041;12.342326970258492;164;142
FAURE;tinytim;66;8831;12.145791015255622;138;137
FAURE;tinytim;67;8613;1.6877160760587726;85;0
FAURE;tinytim;68;10609;12.321883611695796;143;141
FAURE;tinytim;69;14587;12.293853634387476;156;148
FAURE;tinytim;70;8939;4.434365992430509;41;0
FAURE;tinytim;71;14697;12.288962620229105;160;145
FAURE;tinytim;72;9314;4.490673475551163;53;0
FAURE;tinytim;73;10157;12.229149505784985;143;140
FAURE;tinytim;74;9033;2.2472882275661163;80;0
FAURE;tinytim;75;14324;12.361569507195647;159;139
FAURE;tinytim;76;10127;12.223314849852999;142;137
FAURE;tinytim;77;9782;12.256990704742293;142;137
FAURE;tinytim;78;11095;9.485443694758212;18;6
FAURE;tinytim;79;8987;4.292299874053622;59;0
FAURE;tinytim;80;8848;1.7680205655526993;102;0
FAURE;tinytim;81;9408;12.215077724481787;140;138
FAURE;tinytim;82;13074;12.299558190299168;154;140
FAURE;tinytim;83;10047;12.313699604440584;143;139
FAURE;tinytim;84;10112;9.65373904497794;19;2
FAURE;tinytim;85;14306;12.265244527269836;159;152
FAURE;tinytim;86;9144;12.220327160861007;138;137
FAURE;tinytim;87;14682;12.387119876395902;159;137
FAURE;tinytim;88;10625;12.284204892155756;144;137
FAURE;tinytim;89;13089;12.198385023477691;155;144
FAURE;tinytim;90;9114;1.7122629477073619;109;0
FAURE;tinytim;91;11030;12.30052517129529;145;137
FAURE;tinytim;92;12528;12.381653913980061;152;143
FAURE;tinytim;93;11795;12.26818780273393;149;142
FAURE;tinytim;94;8800;2.591862661275909;109;0
FAURE;tinytim;95;11826;12.174037874245132;152;139
FAURE;tinytim;96;9127;4.8406124535525885;37;36
FAURE;tinytim;97;8643;2.3513045064769207;134;94
FAURE;tinytim;98;9065;2.9528562874157096;105;0
FAURE;tinytim;99;10485;9.374953908016504;16;14
