tipogerador;nomeinstancia;numerociclo;tempoexecucao;valor;restarts;melhorrestart
FAURE;udtjava;0;1575;5.25786325111932;116;97
FAURE;udtjava;1;1639;5.229130826185238;124;72
FAURE;udtjava;2;1608;5.246204788208776;113;71
FAURE;udtjava;3;1389;5.223858671439398;108;83
FAURE;udtjava;4;1296;5.234493151486711;101;91
FAURE;udtjava;5;1454;5.229130826185237;110;88
FAURE;udtjava;6;1530;5.200795320462336;123;64
FAURE;udtjava;7;1499;5.228060641514443;111;95
FAURE;udtjava;8;1626;5.228060641514443;115;114
FAURE;udtjava;9;1561;5.224159050104222;128;85
FAURE;udtjava;10;1454;5.204015085541652;95;83
FAURE;udtjava;11;1546;5.236706113463978;126;82
FAURE;udtjava;12;1438;5.228060641514442;109;93
FAURE;udtjava;13;1532;5.224159050104223;112;65
FAURE;udtjava;14;1547;5.221261971186359;110;80
FAURE;udtjava;15;1468;5.202845918791091;102;61
FAURE;udtjava;16;1609;5.234493151486711;122;108
FAURE;udtjava;17;1545;5.16718169426685;107;105
FAURE;udtjava;18;1422;5.200795320462335;109;71
FAURE;udtjava;19;1561;5.200795320462334;100;83
FAURE;udtjava;20;1623;5.25229358313478;109;88
FAURE;udtjava;21;1406;5.219272703899642;109;98
FAURE;udtjava;22;1220;5.203134583768125;93;71
FAURE;udtjava;23;1515;5.218313142240402;121;99
FAURE;udtjava;24;1343;5.225028262082673;97;72
FAURE;udtjava;25;1311;5.243508834552414;82;62
FAURE;udtjava;26;1203;5.203430690056977;77;74
FAURE;udtjava;27;1641;5.218313142240402;116;88
FAURE;udtjava;28;1420;5.258581793907434;95;65
FAURE;udtjava;29;1436;5.21893946715667;114;100
FAURE;udtjava;30;1483;5.278007215681888;100;98
FAURE;udtjava;31;1470;5.246204788208775;118;83
FAURE;udtjava;32;1514;5.228060641514442;118;104
FAURE;udtjava;33;1421;5.27157470570962;116;70
FAURE;udtjava;34;1483;5.2280606415144435;112;91
FAURE;udtjava;35;1468;5.228060641514443;113;112
FAURE;udtjava;36;1467;5.234493151486711;103;71
FAURE;udtjava;37;1469;5.252293583134781;112;101
FAURE;udtjava;38;1499;5.228060641514442;102;85
FAURE;udtjava;39;1578;5.22724192806415;120;103
FAURE;udtjava;40;1561;5.2280606415144435;120;105
FAURE;udtjava;41;1438;5.244309384657514;106;73
FAURE;udtjava;42;1392;5.224159050104221;104;96
FAURE;udtjava;43;1280;5.244309384657515;90;59
FAURE;udtjava;44;1545;5.199382337595311;112;78
FAURE;udtjava;45;1219;5.228060641514442;84;73
FAURE;udtjava;46;1501;5.202845918791091;111;60
FAURE;udtjava;47;1437;5.203134583768124;97;95
FAURE;udtjava;48;1671;5.246204788208775;120;112
FAURE;udtjava;49;1344;5.218939467156669;105;80
FAURE;udtjava;50;1391;5.228060641514442;113;98
FAURE;udtjava;51;1499;5.278007215681889;116;91
FAURE;udtjava;52;1498;5.2280606415144435;122;93
FAURE;udtjava;53;1344;5.219272703899644;109;66
FAURE;udtjava;54;1499;5.21304930121933;111;75
FAURE;udtjava;55;1483;5.202845918791092;111;71
FAURE;udtjava;56;1264;5.228060641514442;78;65
FAURE;udtjava;57;1405;5.2578632511193195;114;107
FAURE;udtjava;58;1593;5.20614465594076;123;98
FAURE;udtjava;59;1452;5.200795320462336;122;60
FAURE;udtjava;60;1514;5.234314352161758;90;74
FAURE;udtjava;61;1484;5.2511651777914645;100;98
FAURE;udtjava;62;1546;5.2578632511193195;120;110
FAURE;udtjava;63;1498;5.246994437835634;100;66
FAURE;udtjava;64;1626;5.218939467156668;115;73
FAURE;udtjava;65;1453;5.244309384657515;108;60
FAURE;udtjava;66;1373;5.233070085409347;115;106
FAURE;udtjava;67;1483;5.247159007565421;106;83
FAURE;udtjava;68;1437;5.244309384657514;112;85
FAURE;udtjava;69;1344;5.238694832158979;91;75
FAURE;udtjava;70;1547;5.220226923256288;126;110
FAURE;udtjava;71;1327;5.215067729712256;96;63
FAURE;udtjava;72;1469;5.244309384657514;114;66
FAURE;udtjava;73;1593;5.228060641514443;114;97
FAURE;udtjava;74;1641;5.223858671439399;112;61
FAURE;udtjava;75;1485;5.203778978150841;107;95
FAURE;udtjava;76;1529;5.256396147237344;111;95
FAURE;udtjava;77;1439;5.228060641514441;105;95
FAURE;udtjava;78;1389;5.246204788208776;102;101
FAURE;udtjava;79;1467;5.246204788208774;113;109
FAURE;udtjava;80;1390;5.217360379776141;96;90
FAURE;udtjava;81;1467;5.215849871360261;99;91
FAURE;udtjava;82;1530;5.22126197118636;123;64
FAURE;udtjava;83;1545;5.2676731142993996;104;80
FAURE;udtjava;84;1703;5.21893946715667;114;113
FAURE;udtjava;85;1516;5.2089444346609115;114;104
FAURE;udtjava;86;1467;5.22126197118636;101;71
FAURE;udtjava;87;1639;5.256396147237344;125;123
FAURE;udtjava;88;1515;5.203778978150843;113;71
FAURE;udtjava;89;1514;5.2280606415144435;102;60
FAURE;udtjava;90;1469;5.2150677297122545;135;67
FAURE;udtjava;91;1360;5.219751462770479;89;79
FAURE;udtjava;92;1498;5.244309384657514;104;99
FAURE;udtjava;93;1421;5.233070085409345;120;99
FAURE;udtjava;94;1531;5.228060641514442;115;91
FAURE;udtjava;95;1532;5.247529149736832;99;62
FAURE;udtjava;96;1358;5.228060641514443;110;95
FAURE;udtjava;97;1452;5.244309384657514;117;91
FAURE;udtjava;98;1420;5.228060641514443;99;95
FAURE;udtjava;99;1593;5.239300671332594;117;85
