tipogerador;nomeinstancia;numerociclo;tempoexecucao;valor;restarts;melhorrestart
FAURE;xmlapi;0;28972;18.858227450087345;211;208
FAURE;xmlapi;1;23105;18.666067893861815;201;196
FAURE;xmlapi;2;17067;3.73911453571895;47;0
FAURE;xmlapi;3;17239;3.8321930385155625;53;0
FAURE;xmlapi;4;27288;18.839377824260964;207;198
FAURE;xmlapi;5;17817;4.825785315803492;35;0
FAURE;xmlapi;6;23200;18.759325215065605;201;194
FAURE;xmlapi;7;16929;2.3593608858239037;113;0
FAURE;xmlapi;8;16943;3.347734330253301;55;0
FAURE;xmlapi;9;29066;18.784966265757117;212;203
FAURE;xmlapi;10;29113;18.85897081297161;212;210
FAURE;xmlapi;11;17535;3.0678968727749214;122;0
FAURE;xmlapi;12;18487;6.5446416033979755;30;0
FAURE;xmlapi;13;20437;18.748849996968435;197;196
FAURE;xmlapi;14;19111;18.883705211996062;195;193
FAURE;xmlapi;15;28736;18.7691036539868;212;204
FAURE;xmlapi;16;16196;1.7888423495172359;184;0
FAURE;xmlapi;17;26211;18.842102312320385;207;195
FAURE;xmlapi;18;16475;1.94849346503043;87;0
FAURE;xmlapi;19;26412;18.783165071496498;208;206
FAURE;xmlapi;20;28457;18.70325006313321;211;206
FAURE;xmlapi;21;27956;18.817907184958894;210;201
FAURE;xmlapi;22;17070;1.8235738696109358;92;0
FAURE;xmlapi;23;17208;2.3791193667329096;70;0
FAURE;xmlapi;24;27802;18.834258096118926;210;200
FAURE;xmlapi;25;27332;18.7584053016457;209;204
FAURE;xmlapi;26;17130;1.7966590469491823;162;0
FAURE;xmlapi;27;16274;1.942974776097858;97;0
FAURE;xmlapi;28;28268;18.763760817927643;211;210
FAURE;xmlapi;29;28676;18.8345978003633;213;210
FAURE;xmlapi;30;23260;18.744317813680095;203;196
FAURE;xmlapi;31;16896;1.942974776097858;99;0
FAURE;xmlapi;32;28581;18.756044490927636;210;205
FAURE;xmlapi;33;16256;1.942974776097858;94;0
FAURE;xmlapi;34;16835;3.9994956367907184;191;191
FAURE;xmlapi;35;25977;18.725273378654983;206;205
FAURE;xmlapi;36;16789;1.942974776097858;101;0
FAURE;xmlapi;37;19501;18.798231426522282;196;194
FAURE;xmlapi;38;28863;18.75242378702269;210;196
FAURE;xmlapi;39;26523;18.73786281909485;208;196
FAURE;xmlapi;40;24635;18.880907296028777;203;200
FAURE;xmlapi;41;25900;18.687204365535795;208;207
FAURE;xmlapi;42;18409;6.112316652751487;27;0
FAURE;xmlapi;43;26897;18.904978952594053;205;197
FAURE;xmlapi;44;18175;18.784870713161567;193;191
FAURE;xmlapi;45;16321;1.7964313880126181;105;0
FAURE;xmlapi;46;21310;18.743167971458824;199;197
FAURE;xmlapi;47;18240;5.068568250197236;34;0
FAURE;xmlapi;48;17114;2.389199660223341;69;0
FAURE;xmlapi;49;16663;7.617099000327592;191;191
FAURE;xmlapi;50;17257;1.8156332306593455;114;0
FAURE;xmlapi;51;24150;18.699830628162047;206;199
FAURE;xmlapi;52;25741;18.582761889996807;206;193
FAURE;xmlapi;53;25569;18.669741459849945;206;205
FAURE;xmlapi;54;28972;18.736240635055253;210;207
FAURE;xmlapi;55;28191;18.80351200163044;211;193
FAURE;xmlapi;56;28613;18.75216642454957;211;206
FAURE;xmlapi;57;28534;18.815422776041213;210;197
FAURE;xmlapi;58;29001;18.605529891148333;211;193
FAURE;xmlapi;59;16163;1.7270066100094428;114;0
FAURE;xmlapi;60;27567;18.772232779200102;209;204
FAURE;xmlapi;61;24368;18.667867878508115;204;193
FAURE;xmlapi;62;29940;18.691541858108575;212;202
FAURE;xmlapi;63;16273;1.942974776097858;94;0
FAURE;xmlapi;64;20219;18.69180704442852;197;196
FAURE;xmlapi;65;22951;18.693071847163914;202;198
FAURE;xmlapi;66;26926;18.79856761853591;210;206
FAURE;xmlapi;67;25369;18.816274010497658;205;198
FAURE;xmlapi;68;17535;1.9185679680018026;79;0
FAURE;xmlapi;69;16585;1.8156332306593455;116;0
FAURE;xmlapi;70;27834;18.782234803882652;210;201
FAURE;xmlapi;71;16788;2.802164826921016;64;0
FAURE;xmlapi;72;17021;2.6199597945052493;59;0
FAURE;xmlapi;73;27488;18.753647976766423;209;208
FAURE;xmlapi;74;28567;18.77424209369394;212;198
FAURE;xmlapi;75;26521;18.715896786768756;207;201
FAURE;xmlapi;76;16352;1.7345758354755785;175;0
FAURE;xmlapi;77;29329;18.797768906413417;210;191
FAURE;xmlapi;78;28955;18.763480290047006;211;201
FAURE;xmlapi;79;28332;18.639493506900124;210;191
FAURE;xmlapi;80;25244;18.732032823699655;206;202
FAURE;xmlapi;81;17817;18.651459163973886;193;192
FAURE;xmlapi;82;16911;3.331111833359654;46;0
FAURE;xmlapi;83;29643;18.78616064079339;213;204
FAURE;xmlapi;84;28923;18.768002043752062;211;196
FAURE;xmlapi;85;16319;1.942974776097858;90;0
FAURE;xmlapi;86;16492;1.8156332306593455;104;0
FAURE;xmlapi;87;17070;1.942974776097858;93;0
FAURE;xmlapi;88;16927;18.16461192789707;191;191
FAURE;xmlapi;89;28441;18.701464932573135;211;202
FAURE;xmlapi;90;28471;18.792213350857864;210;209
FAURE;xmlapi;91;29331;18.712034921502248;211;196
FAURE;xmlapi;92;16677;11.871707824339405;191;191
FAURE;xmlapi;93;27832;18.693561523258918;210;209
FAURE;xmlapi;94;21560;18.644659086325913;199;191
FAURE;xmlapi;95;22077;18.75242378702269;200;193
FAURE;xmlapi;96;16880;2.4273833477052795;146;0
FAURE;xmlapi;97;28364;18.637276096646815;211;209
FAURE;xmlapi;98;16428;2.4624025179227136;69;0
FAURE;xmlapi;99;28206;18.74990582178563;211;196
