tipogerador;nomeinstancia;numerociclo;tempoexecucao;valor;restarts;melhorrestart
FAURE;xmldom;0;6210;10.80754462928376;141;127
FAURE;xmldom;1;5540;10.80754462928376;135;134
FAURE;xmldom;2;7039;10.80754462928376;149;127
FAURE;xmldom;3;7427;10.87265272380362;160;142
FAURE;xmldom;4;7601;10.791161562076107;158;139
FAURE;xmldom;5;7613;10.86903814665963;158;137
FAURE;xmldom;6;6275;10.84268775298806;140;139
FAURE;xmldom;7;6771;10.819486445637342;153;141
FAURE;xmldom;8;6537;10.825327855747739;148;138
FAURE;xmldom;9;7273;10.91971154733303;154;127
FAURE;xmldom;10;7756;10.852449642571127;161;139
FAURE;xmldom;11;7754;10.923557701179185;159;141
FAURE;xmldom;12;5711;10.80754462928376;136;128
FAURE;xmldom;13;7303;10.923557701179188;159;152
FAURE;xmldom;14;7271;10.791161562076107;152;151
FAURE;xmldom;15;7616;10.807544629283761;161;139
FAURE;xmldom;16;7569;10.807544629283761;160;129
FAURE;xmldom;17;6741;10.807544629283761;147;144
FAURE;xmldom;18;6475;10.807544629283761;145;144
FAURE;xmldom;19;7380;10.919711547333032;158;139
FAURE;xmldom;20;7522;10.807544629283761;159;128
FAURE;xmldom;21;5572;10.80754462928376;133;130
FAURE;xmldom;22;7224;10.80754462928376;158;130
FAURE;xmldom;23;5539;4.798042915151243;43;0
FAURE;xmldom;24;7413;10.919711547333032;160;155
FAURE;xmldom;25;7411;10.807544629283763;161;155
FAURE;xmldom;26;6680;10.807544629283761;150;140
FAURE;xmldom;27;6477;10.807544629283761;144;142
FAURE;xmldom;28;7177;10.820316856002856;154;141
FAURE;xmldom;29;7054;10.84689223701372;151;138
FAURE;xmldom;30;5650;10.80754462928376;136;129
FAURE;xmldom;31;6929;10.854470905621803;148;139
FAURE;xmldom;32;6757;10.80754462928376;149;145
FAURE;xmldom;33;6274;10.80754462928376;138;128
FAURE;xmldom;34;7364;10.807544629283761;153;141
FAURE;xmldom;35;7054;10.807544629283761;153;127
FAURE;xmldom;36;6522;10.807544629283761;144;128
FAURE;xmldom;37;7568;10.863645989796886;159;152
FAURE;xmldom;38;7460;10.807544629283761;161;139
FAURE;xmldom;39;7177;10.919711547333034;156;155
FAURE;xmldom;40;6679;10.80754462928376;148;129
FAURE;xmldom;41;7645;10.903694231315715;160;127
FAURE;xmldom;42;6958;10.807544629283761;154;140
FAURE;xmldom;43;7772;10.923557701179188;160;155
FAURE;xmldom;44;7083;10.84268775298806;157;141
FAURE;xmldom;45;7055;10.895247424499344;155;152
FAURE;xmldom;46;6802;10.807544629283761;149;142
FAURE;xmldom;47;7411;10.807544629283761;158;136
FAURE;xmldom;48;7460;10.923557701179186;160;153
FAURE;xmldom;49;7132;10.84690168421812;155;141
FAURE;xmldom;50;7926;10.807544629283761;159;144
FAURE;xmldom;51;7663;10.789362811101942;160;144
FAURE;xmldom;52;6038;10.807544629283761;139;130
FAURE;xmldom;53;7068;10.823878213999697;156;138
FAURE;xmldom;54;5868;10.80754462928376;139;128
FAURE;xmldom;55;7397;10.807544629283761;157;139
FAURE;xmldom;56;7426;10.807544629283761;161;148
FAURE;xmldom;57;7521;10.923557701179185;162;138
FAURE;xmldom;58;6085;10.807544629283761;138;137
FAURE;xmldom;59;7771;10.923557701179186;160;139
FAURE;xmldom;60;5446;5.0462412694970835;52;0
FAURE;xmldom;61;5149;2.8371027092927648;87;0
FAURE;xmldom;62;7442;10.923557701179186;161;156
FAURE;xmldom;63;7629;10.80754462928376;162;128
FAURE;xmldom;64;6912;10.807544629283761;153;140
FAURE;xmldom;65;7427;10.923557701179186;160;138
FAURE;xmldom;66;6132;10.80754462928376;141;134
FAURE;xmldom;67;5804;10.807544629283761;136;127
FAURE;xmldom;68;7335;10.923557701179186;153;142
FAURE;xmldom;69;5869;10.80754462928376;135;127
FAURE;xmldom;70;7349;10.791161562076105;158;127
FAURE;xmldom;71;7179;10.857030142716143;151;139
FAURE;xmldom;72;7411;10.807544629283761;160;152
FAURE;xmldom;73;5976;10.807544629283761;136;131
FAURE;xmldom;74;6711;10.903694231315717;151;139
FAURE;xmldom;75;6974;10.80754462928376;152;128
FAURE;xmldom;76;6678;10.807544629283761;146;136
FAURE;xmldom;77;7584;10.91971154733303;157;156
FAURE;xmldom;78;5275;10.80754462928376;130;128
FAURE;xmldom;79;7304;10.857030142716143;156;141
FAURE;xmldom;80;7616;10.807544629283761;162;154
FAURE;xmldom;81;7585;10.807544629283761;159;150
FAURE;xmldom;82;7256;10.923557701179188;160;152
FAURE;xmldom;83;7647;10.807544629283761;160;142
FAURE;xmldom;84;6477;10.80754462928376;144;130
FAURE;xmldom;85;7350;10.80754462928376;159;130
FAURE;xmldom;86;6647;10.80754462928376;147;135
FAURE;xmldom;87;7584;10.807544629283761;160;150
FAURE;xmldom;88;7522;10.807544629283761;159;148
FAURE;xmldom;89;7536;10.923557701179185;160;127
FAURE;xmldom;90;7582;10.807544629283761;158;141
FAURE;xmldom;91;7366;10.807544629283761;160;143
FAURE;xmldom;92;7692;10.923557701179185;162;161
FAURE;xmldom;93;5087;3.3926073926073927;94;0
FAURE;xmldom;94;5164;1.8058342623560013;75;0
FAURE;xmldom;95;5261;10.80754462928376;128;127
FAURE;xmldom;96;7616;10.807544629283761;160;151
FAURE;xmldom;97;6085;10.80754462928376;138;130
FAURE;xmldom;98;7335;10.807544629283761;155;148
FAURE;xmldom;99;7567;10.80754462928376;157;128
